10.145762
11.934381
12.083570
12.519978
13.447577
13.546796
13.626671
13.648922
14.111012
14.189943
14.276254
14.503874
14.639254
14.730907
14.999785
14.999787
15.018395
15.118329
15.170446
15.203032
15.323867
15.340975
15.511686
15.561654
15.571935
15.614694
15.782312
15.910411
15.970748
15.970843
16.033138
16.036936
16.036938
16.071703
16.084795
16.107807
16.163422
16.186274
16.186275
16.445549
16.563702
16.627245
16.784182
16.852554
16.915768
16.983822
16.999767
17.029547
17.037167
17.039675
17.147692
17.169771
17.262245
17.357988
17.382578
17.385130
17.393787
17.481802
17.492092
17.529379
17.559246
17.580641
17.584414
17.589321
17.592182
17.661375
17.669962
17.682718
17.722023
17.827026
17.886497
17.916714
17.919926
17.919926
17.942680
17.943052
18.004850
18.081863
18.085674
18.179493
18.226795
18.291512
18.317997
18.397533
18.420893
18.436707
18.469387
18.479290
18.566500
18.566502
18.781019
18.856632
18.856632
18.866137
18.882057
18.973125
19.002504
19.009403
19.038643
19.052723
19.081528
19.122192
19.132906
19.236853
19.237410
19.247887
19.285738
19.454100
19.464411
19.569386
19.608702
19.654295
19.675014
19.708622
19.716154
19.729609
19.731241
19.754345
19.777960
19.781216
19.785250
19.786348
19.793186
19.863770
19.942043
2.592494
2.876437
2.876437
20.021742
20.073717
20.081980
20.101713
20.143847
20.162031
20.184803
20.209068
20.251476
20.272018
20.291149
20.294922
20.304667
20.309586
20.343870
20.399822
20.456724
20.523922
20.544973
20.594894
20.653969
20.657030
20.661697
20.685184
20.816465
20.831335
20.850866
20.859318
20.920692
20.928841
20.929956
21.006533
21.014498
21.061937
21.133198
21.230700
21.253765
21.291948
21.335983
21.341017
21.377192
21.406424
21.408857
21.456511
21.458776
21.468323
21.481766
21.517454
21.530010
21.602949
21.602949
21.606262
21.608431
21.619387
21.645624
21.729881
21.747257
21.767399
21.797169
21.799284
21.838789
21.912645
21.918562
21.934031
21.959652
21.975708
21.976484
22.001665
22.038692
22.073826
22.078259
22.123678
22.140018
22.142605
22.150286
22.195234
22.233143
22.233284
22.255613
22.290852
22.293634
22.308012
22.322048
22.329874
22.332966
22.336842
22.373739
22.379311
22.463085
22.467756
22.472805
22.479799
22.502151
22.510830
22.521664
22.522190
22.529480
22.533730
22.534998
22.535000
22.589249
22.630104
22.630970
22.666719
22.805744
22.807196
22.827482
22.859070
22.938185
22.941385
22.948896
22.961956
22.971169
22.985613
22.991585
22.998598
23.009832
23.107174
23.171247
23.191572
23.201292
23.218826
23.358549
23.385838
23.389830
23.389832
23.393772
23.431717
23.437424
23.486181
23.511757
23.517237
23.553129
23.580992
23.676109
23.786526
23.806580
23.825199
23.963587
23.970207
23.976379
23.985909
23.990528
24.033516
24.045963
24.047731
24.098503
24.100529
24.173565
24.214733
24.267431
24.318043
24.354885
24.355659
24.359344
24.361855
24.368019
24.374596
24.398518
24.405600
24.410238
24.454645
24.455786
24.460743
24.543421
24.564758
24.587440
24.601765
24.619581
24.696798
24.698271
24.727516
24.740511
24.743328
24.864534
24.875782
24.892275
24.938107
24.949903
25.016497
25.039595
25.057528
25.087126
25.098946
25.128210
25.163532
25.182873
25.319166
25.377743
25.417736
25.459400
25.512690
25.544222
25.549194
25.602468
25.602468
25.611919
25.624031
25.633839
25.863659
25.977926
25.985334
26.029238
26.054461
26.054792
26.065987
26.116484
26.152575
26.173561
26.198837
26.214155
26.232618
26.248724
26.367649
26.387459
26.499281
26.534933
26.633274
26.896322
26.915201
26.916111
26.928020
26.942850
26.962280
26.970198
27.010403
27.070509
27.086491
27.099108
27.134790
27.234615
27.241549
27.241653
27.321407
27.384020
27.387712
27.392469
27.549152
27.660973
27.675610
27.744709
27.772320
27.813580
27.877396
27.953333
28.074358
28.149170
28.170916
28.294874
28.309183
28.392134
28.407042
28.440681
28.447395
28.475231
28.519714
28.530895
28.611374
28.626432
28.636152
28.704029
28.766138
28.857204
28.863939
28.872452
28.885593
28.956985
28.985081
29.120495
29.166807
29.366426
29.589415
29.694960
29.729420
29.755863
29.824562
29.825253
29.851374
29.900066
3.822377
30.047255
30.138004
30.274172
30.403484
30.409191
30.441969
30.469698
30.527205
30.530081
30.551826
30.577497
30.593267
30.640680
30.662853
30.727583
30.751476
30.771038
31.145601
31.153044
31.167492
31.175579
31.199671
31.235500
31.271793
31.316980
31.361860
31.387627
31.434099
31.556324
31.569607
31.576235
31.627001
31.629843
31.679098
31.683939
31.737045
31.761385
32.045197
32.062641
32.077648
32.220070
32.303028
32.304001
32.452320
32.466030
32.481983
32.510674
32.667343
32.699398
32.750874
32.776115
32.780178
32.788528
32.793667
32.832634
32.865780
32.885544
32.984428
32.990044
33.039593
33.078812
33.113297
33.140999
33.177979
33.182007
33.198071
33.209362
33.262844
33.274281
33.599346
33.622501
33.636868
33.756947
33.785564
33.793102
33.799580
33.865566
33.978165
34.043312
34.051483
34.130665
34.268852
34.285172
34.291870
34.350990
34.406521
34.422863
34.527573
34.543663
34.563919
34.602188
34.632317
34.665386
34.675220
34.713837
34.714813
34.725986
34.958908
35.011543
35.173706
35.213478
35.279072
35.353134
35.353249
35.365852
35.416920
35.461491
35.586369
35.594040
35.626469
35.791397
35.848057
35.852188
35.879883
35.892078
35.903477
35.904053
35.956703
36.012074
36.048988
36.069649
36.074490
36.113361
36.121258
36.170002
36.179459
36.188705
36.188950
36.198326
36.207596
36.249813
36.280033
36.326653
36.417110
36.532558
36.575218
36.615826
36.753548
36.759506
36.771160
36.779709
36.836338
36.917519
36.918724
36.963055
36.968845
37.104259
37.130112
37.134857
37.160954
37.183498
37.310879
37.341232
37.350266
37.359306
37.374725
37.388947
37.412144
37.431664
37.464687
37.477711
37.499695
37.504086
37.511810
37.533855
37.538418
37.555397
37.560291
37.588814
37.627682
37.629478
37.631561
37.640480
37.643833
37.674156
37.689659
37.705940
37.831539
37.840389
37.856201
37.858650
37.892872
37.895020
37.930367
38.041870
38.061031
38.066284
38.094658
38.112331
38.162842
38.243752
38.274384
38.384762
38.384995
38.389072
38.452404
38.457199
38.457367
38.523384
38.525665
38.549042
38.560101
38.581730
38.654797
38.668678
38.679630
38.731960
38.739235
38.745247
38.768589
38.783974
38.784599
38.804722
38.848263
38.869724
38.870228
38.893440
38.931591
38.940899
38.944996
38.953209
38.977589
38.983421
38.992897
39.143570
39.183250
39.196175
39.197899
39.224564
39.241814
39.317715
39.319485
39.418049
39.423786
39.432957
39.433285
39.463123
39.493004
39.534943
39.548859
39.609524
39.613297
39.615040
39.630657
39.738560
39.746841
39.752419
39.852566
39.856777
39.858601
39.914749
39.940151
39.980217
39.980858
40.028408
40.028797
40.071812
40.075321
40.118782
40.138206
40.157459
40.167274
40.266563
40.293751
40.304768
40.305016
40.325645
40.340443
40.371098
40.462555
40.492638
40.495655
40.498745
40.509811
40.515282
40.523811
40.566734
40.569626
40.607395
40.663662
40.723820
40.726601
40.759441
40.805363
40.833340
40.880569
40.891891
40.917767
40.918247
40.922443
40.945301
40.947624
40.969963
40.972439
41.041069
41.041729
41.072224
41.132008
41.137096
41.168098
41.201714
41.263992
41.287853
41.297321
41.349327
41.358398
41.435051
41.450039
41.500900
41.585232
41.617435
41.626976
41.664505
41.710323
41.731491
41.735435
41.751740
41.870155
41.881023
41.905563
41.913589
42.017452
42.030300
42.033680
42.035629
42.082451
42.093807
42.114391
42.132584
42.136570
42.200840
42.209110
42.253616
42.260086
42.274891
42.287136
42.291130
42.301399
42.328903
42.396198
42.410030
42.451580
42.483212
42.537468
42.560291
42.625954
42.660561
42.688889
42.710953
42.725475
42.820763
42.827976
42.938721
42.951927
42.987717
43.002750
43.031071
43.039055
43.042343
43.050121
43.055740
43.211399
43.211864
43.259708
43.262062
43.297718
43.392345
43.437801
43.448208
43.485214
43.509579
43.532227
43.532509
43.538651
43.568966
43.645332
43.699780
43.703857
43.709122
43.745850
43.772022
43.813606
43.859245
43.870872
43.872143
43.885502
43.902611
43.933163
43.961620
43.969757
43.987469
44.004898
44.026951
44.057266
44.071003
44.077419
44.124035
44.161793
44.190231
44.190590
44.204185
44.215954
44.305557
44.321579
44.342354
44.383873
44.452221
44.452312
44.470997
44.531559
44.540489
44.549522
44.616306
44.778004
44.791950
44.791965
44.806355
44.824997
44.863323
44.912952
44.927158
44.979660
45.134838
45.181454
45.188568
45.189751
45.219994
45.312752
45.320419
45.355267
45.392200
45.402489
45.409798
45.447342
45.459648
45.521824
45.548641
45.573715
45.649136
45.708607
45.816422
45.817577
45.837059
45.901775
45.960575
45.962746
45.999424
46.004387
46.045036
46.121090
46.173378
46.249973
46.267159
46.305450
46.305859
46.316986
46.351120
46.388794
46.492996
46.538559
46.565960
46.602360
46.726112
46.753380
46.754280
46.754753
46.784653
46.794708
46.802624
46.803776
46.804459
46.906010
46.916904
46.971615
47.015965
47.030540
47.098480
47.108849
47.108917
47.276455
47.288567
47.322723
47.488899
47.594646
47.646854
47.715317
47.747524
47.786285
47.941097
47.947567
48.000076
48.029953
48.132179
48.156605
48.172401
48.185658
48.193100
48.223846
48.242485
48.411919
48.446827
48.473106
48.482712
48.562271
48.643417
48.671268
48.715565
48.727032
48.810547
48.863304
48.895870
48.947258
48.984810
49.045963
49.057480
49.138004
49.220596
49.361641
49.387383
49.411053
49.566116
49.582619
49.592319
49.633938
49.687698
49.731003
49.738811
49.751499
49.756901
49.821098
49.899960
50.035107
50.041817
50.055809
50.067879
50.107723
50.133301
50.163475
50.192436
50.295738
50.308723
50.348759
50.357212
50.528267
50.799282
51.008720
51.040936
51.096188
51.238804
51.333797
51.409664
51.526146
51.536140
51.544468
51.713043
51.787075
51.944199
52.056976
52.118008
52.203220
52.219765
52.250938
52.283253
52.437923
52.533836
52.544361
52.689590
52.709255
52.755299
52.808132
52.955780
53.028183
53.048927
53.073185
53.161915
53.219246
53.337711
53.421253
53.479740
53.575649
53.742588
53.812252
53.820568
53.888096
53.915226
54.092613
54.634560
54.665531
54.733383
54.825424
54.944149
55.026081
55.057484
55.140171
55.149998
55.412525
55.774288
56.320850
56.795414
57.208363
57.421684
58.191570
58.885342
59.343681
59.428013
59.496883
59.710442
60.572319
61.870983
63.979378
64.193001
67.969406
68.509651
70.244003
71.170631
72.788277
75.700691
100.92236
104.06759
