  0     4 47.288567
  1     4 42.132584
  2     4 53.028183
  3     4 48.193100
  4     4 26.152575
  5     4 40.569626
  6     4 59.710442
  7     4 47.786285
  8     4 21.912645
  9     4 17.661375
 11     4 46.906010
 12     4 47.941097
 13     4 42.209110
 14     4 57.208363
 15     4 49.731003
 16     4 43.050121
 17     4 52.955780
 18     4 48.715565
 19     4 57.421684
 20     4 64.193001
 21     4 44.540489
 22     4 38.893440
 23     4 52.544361
 24     4 53.915226
 25     4 53.820568
 26     4 56.795414
 27     4 50.035107
 28     4 59.343681
 29     4 49.387383
 30     4 51.040936
 31     4 53.812252
 32     4 34.563919
 33     4 43.813606
 34     4 31.434099
 35     4 58.885342
 36     4 38.162842
 37     4 70.244003
 38     4 56.320850
 39     4 43.870872
 40     4 53.161915
 41     4 42.660561
 42     4 37.640480
 43     4 55.140171
 44     4 53.073185
 45     4 33.078812
 46     4 48.156605
 47     4 53.337711
 48     4 43.509579
 49     4 49.756901
 50     4 54.665531
 51     4 53.742588
 52     4 63.979378
 53     4 40.492638
 54     4 53.048927
 55     4 50.067879
 56     4 11.934381
 57     4 52.709255
 58     4 48.223846
 59     4 37.840389
 60     4 46.173378
 61     4 38.739235
 62     4 55.149998
 63     4 42.274891
 64     4 38.061031
 65     4 49.592319
 66     4 41.664505
 67     4 43.297718
 68     4 38.094658
 69     4 59.428013
 70     4 45.402489
 71     4 32.466030
 72     4 48.671268
 73     4 55.412525
 74     4 50.348759
 75     4 41.751740
 76     4 45.459648
 77     4 45.573715
 78     4 51.238804
 79     4 55.774288
 80     4 54.944149
 81     4 44.383873
 82     4 52.118008
 83     4 41.201714
 84     4 39.858601
 85     4 38.066284
 86     4 38.389072
 87     4 44.071003
 88     4 59.496883
 89     4 49.899960
 90     4 44.470997
 91     4 42.451580
 92     4 52.203220
 93     4 50.528267
 94     4 40.157459
 95     4 51.944199
 96     4 47.715317
 97     4 24.696798
 98     4 50.799282
 99     4 38.977589
100     4 53.888096
101     4 42.114391
102     4 40.972439
103     4 45.999424
104     4 44.342354
105     4 42.410030
106     4 47.646854
107     4 43.031071
108     4 44.057266
109     4 43.969757
110     4 39.548859
111     4 33.622501
112     4 47.108849
113     4 51.787075
114     4 42.200840
115     4 51.008720
116     4 37.560291
117     4 41.617435
118     4 38.869724
119     4 2.592494
120     4 41.435051
121     4 39.319485
122     4 44.215954
123     4 41.137096
124     4 41.132008
125     4 45.355267
126     4 46.267159
127     4 43.448208
128     4 39.197899
129     4 38.731960
130     4 42.483212
131     4 37.856201
132     4 43.645332
133     4 55.057484
134     4 40.947624
135     4 44.204185
136     4 50.163475
137     4 46.316986
138     4 36.963055
139     4 16.784182
140     4 43.699780
141     4 46.754280
142     4 44.452312
143     4 39.317715
144     4 40.509811
145     4 42.710953
146     4 44.190231
148     4 36.968845
149     4 44.077419
150     4 41.626976
151     4 33.799580
152     4 39.609524
153     4 43.709122
154     4 46.754753
155     4 50.357212
156     4 44.190590
157     4 42.725475
158     4 42.987717
159     4 36.113361
160     4 41.585232
161     4 36.417110
162     4 36.207596
163     4 45.548641
164     4 54.092613
165     4 28.885593
166     4 43.745850
167     4 60.572319
168     4 33.785564
169     4 21.408857
170     4 47.108917
171     4 27.241549
172     4 46.726112
173     4 33.182007
174     4 41.297321
175     4 31.153044
177     4 23.806580
178     4 46.305450
179     4 30.640680
180     4 22.255613
181     4 46.602360
182     4 39.143570
183     4 20.021742
184     4 27.813580
185     4 30.530081
186     4 48.895870
187     4 20.309586
188     4 34.130665
189     4 40.917767
190     4 34.051483
191     4 40.118782
192     4 40.498745
193     4 37.160954
194     4 45.521824
196     4 19.786348
197     4 43.961620
198     4 21.608431
199     4 40.304768
200     4 51.409664
201     4 17.039675
202     4 49.582619
203     4 14.111012
204     4 22.290852
205     4 19.608702
206     4 21.341017
207     4 28.309183
209     4 35.626469
  0     4 39.613297
  1     4 37.674156
  2     4 43.042343
  3     4 39.224564
  4     4 37.627682
  5     4 36.069649
  6     4 51.333797
  7     4 38.384762
  8     4 21.729881
  9     4 20.544973
 11     4 37.538418
 12     4 36.170002
 13     4 35.904053
 14     4 52.219765
 15     4 43.485214
 16     4 41.710323
 17     4 43.872143
 18     4 39.196175
 19     4 52.250938
 20     4 46.803776
 21     4 42.093807
 22     4 29.729420
 23     4 48.172401
 24     4 49.687698
 25     4 46.916904
 26     4 46.784653
 27     4 50.308723
 28     4 52.437923
 29     4 42.301399
 30     4 43.902611
 31     4 49.633938
 32     4 34.713837
 33     4 42.951927
 34     4 38.931591
 35     4 61.870983
 36     4 40.028408
 37     4 48.984810
 38     4 52.755299
 39     4 45.312752
 41     4 49.220596
 42     4 44.321579
 43     4 30.551826
 44     4 48.947258
 45     4 44.778004
 46     4 36.326653
 47     4 42.291130
 48     4 48.643417
 49     4 45.181454
 50     4 38.940899
 51     4 50.133301
 52     4 51.526146
 53     4 58.191570
 54     4 43.211864
 55     4 50.192436
 56     4 44.806355
 57     4 17.916714
 58     4 47.098480
 59     4 43.437801
 60     4 37.643833
 61     4 45.219994
 62     4 40.723820
 63     4 51.096188
 64     4 36.917519
 65     4 38.243752
 66     4 45.188568
 67     4 41.041069
 68     4 46.388794
 69     4 38.870228
 70     4 54.733383
 71     4 47.747524
 72     4 40.880569
 73     4 44.791950
 74     4 44.124035
 75     4 47.594646
 76     4 37.412144
 77     4 44.616306
 78     4 40.833340
 79     4 53.575649
 80     4 51.713043
 81     4 52.283253
 82     4 44.863323
 83     4 48.727032
 84     4 36.280033
 85     4 35.791397
 86     4 38.784599
 87     4 38.983421
 88     4 42.820763
 89     4 55.026081
 90     4 50.107723
 91     4 43.772022
 92     4 42.938721
 93     4 48.242485
 94     4 51.544468
 95     4 34.665386
 96     4 48.000076
 97     4 40.075321
 98     4 24.543421
 99     4 40.305016
100     4 35.594040
101     4 50.295738
102     4 37.130112
103     4 41.881023
104     4 43.039055
105     4 42.253616
106     4 40.805363
107     4 48.132179
108     4 38.783974
109     4 37.705940
110     4 41.735435
111     4 32.045197
112     4 39.432957
113     4 45.409798
114     4 47.276455
115     4 40.566734
116     4 51.536140
117     4 35.416920
118     4 38.944996
119     4 32.832634
120     4 2.876437
121     4 34.675220
122     4 32.750874
123     4 45.134838
124     4 38.523384
125     4 40.922443
126     4 37.555397
127     4 46.804459
128     4 39.738560
129     4 32.304001
130     4 36.048988
131     4 39.752419
132     4 34.285172
133     4 35.903477
134     4 45.962746
135     4 38.668678
136     4 41.287853
137     4 45.837059
138     4 46.305859
139     4 37.689659
140     4 13.648922
141     4 37.350266
142     4 42.827976
143     4 46.004387
144     4 38.848263
145     4 37.388947
146     4 38.457367
147     4 43.211399
149     4 34.268852
150     4 44.979660
151     4 39.433285
152     4 32.885544
153     4 36.918724
154     4 43.885502
155     4 42.328903
156     4 49.821098
157     4 37.310879
158     4 41.905563
159     4 39.852566
160     4 36.188950
161     4 33.177979
162     4 32.220070
163     4 34.602188
164     4 41.870155
165     4 52.808132
166     4 27.744709
167     4 39.463123
168     4 68.509651
169     4 24.938107
170     4 19.247887
171     4 44.927158
172     4 18.479290
173     4 45.708607
174     4 31.737045
175     4 42.287136
176     4 32.667343
178     4 16.445549
179     4 43.002750
180     4 22.142605
181     4 25.602468
182     4 19.236853
183     4 41.358398
184     4 36.771160
185     4 16.084795
186     4 23.437424
187     4 24.619581
188     4 46.045036
189     4 17.262245
190     4 32.793667
191     4 39.630657
192     4 32.990044
193     4 37.134857
194     4 35.461491
195     4 35.848057
196     4 39.980217
198     4 16.107807
199     4 43.987469
200     4 19.793186
201     4 40.028797
202     4 47.488899
203     4 13.546796
204     4 50.041817
205     4 14.276254
206     4 20.304667
207     4 18.291512
208     4 21.061937
209     4 30.771038
  0     4 38.384995
  1     4 35.956703
  2     4 40.759441
  3     4 29.825253
  4     4 36.532558
  5     4 37.499695
  6     4 34.714813
  7     4 48.473106
  8     4 35.852188
  9     4 22.805744
 10     4 24.100529
 12     4 35.011543
 13     4 35.365852
 14     4 34.422863
 15     4 48.185658
 16     4 40.293751
 17     4 40.607395
 18     4 42.625954
 19     4 36.074490
 20     4 48.446827
 21     4 46.802624
 22     4 38.560101
 23     4 30.047255
 24     4 44.161793
 25     4 45.901775
 26     4 44.452221
 27     4 43.392345
 28     4 49.751499
 29     4 49.057480
 30     4 38.745247
 31     4 42.082451
 32     4 45.816422
 33     4 33.599346
 34     4 39.980858
 35     4 39.615040
 36     4 67.969406
 37     4 39.856777
 38     4 48.482712
 39     4 49.045963
 40     4 43.532509
 42     4 45.960575
 43     4 44.026951
 44     4 30.441969
 45     4 45.649136
 46     4 42.537468
 47     4 37.895020
 48     4 40.340443
 49     4 45.320419
 50     4 44.912952
 51     4 38.679630
 52     4 46.249973
 53     4 49.138004
 54     4 54.634560
 55     4 43.933163
 56     4 46.971615
 57     4 41.450039
 58     4 16.852554
 59     4 44.004898
 60     4 41.263992
 61     4 35.879883
 62     4 42.396198
 63     4 40.325645
 64     4 48.411919
 65     4 35.213478
 66     4 37.631561
 67     4 41.500900
 68     4 37.588814
 69     4 48.029953
 70     4 37.464687
 71     4 52.056976
 72     4 49.566116
 73     4 43.259708
 74     4 43.568966
 75     4 44.305557
 76     4 44.791965
 77     4 34.725986
 78     4 42.136570
 79     4 37.892872
 80     4 53.219246
 81     4 48.810547
 82     4 48.863304
 83     4 45.817577
 84     4 45.392200
 85     4 34.958908
 86     4 33.756947
 87     4 38.457199
 88     4 37.629478
 89     4 40.462555
 90     4 52.689590
 91     4 49.361641
 92     4 41.349327
 93     4 43.532227
 94     4 45.189751
 95     4 53.421253
 96     4 32.077648
 97     4 45.447342
 98     4 39.183250
 99     4 27.877396
100     4 40.167274
101     4 32.699398
102     4 47.322723
103     4 34.632317
104     4 41.731491
105     4 40.663662
106     4 40.371098
107     4 37.511810
108     4 50.055809
109     4 36.188705
110     4 36.198326
111     4 38.804722
112     4 31.175579
113     4 41.041729
114     4 47.947567
115     4 44.549522
116     4 38.274384
117     4 54.825424
118     4 32.510674
119     4 36.249813
120     4 33.039593
121     4 2.876437
122     4 34.291870
123     4 31.679098
124     4 47.015965
125     4 36.575218
126     4 40.969963
127     4 37.930367
128     4 47.030540
129     4 37.341232
130     4 31.271793
131     4 34.406521
132     4 37.477711
133     4 31.629843
134     4 35.353134
135     4 46.351120
136     4 37.374725
137     4 38.041870
138     4 43.055740
139     4 48.562271
140     4 38.953209
141     4 13.626671
142     4 36.121258
143     4 39.940151
144     4 49.411053
145     4 39.914749
146     4 35.173706
147     4 39.418049
148     4 42.017452
150     4 31.235500
151     4 43.859245
152     4 37.183498
153     4 38.654797
154     4 34.543663
155     4 41.168098
156     4 40.138206
157     4 52.533836
158     4 37.858650
159     4 42.035629
160     4 36.779709
161     4 36.753548
162     4 33.140999
163     4 30.274172
164     4 32.452320
165     4 38.768589
166     4 53.479740
167     4 28.766138
168     4 37.431664
169     4 72.788277
170     4 23.990528
171     4 18.226795
172     4 41.072224
173     4 18.420893
174     4 42.560291
175     4 29.589415
176     4 38.581730
177     4 33.198071
179     4 15.561654
180     4 40.945301
181     4 22.510830
182     4 25.602468
183     4 19.132906
184     4 39.746841
185     4 36.179459
186     4 15.203032
187     4 23.201292
188     4 24.374596
189     4 43.703857
190     4 17.169771
191     4 30.727583
192     4 35.279072
193     4 31.145601
194     4 35.586369
195     4 33.865566
196     4 36.012074
197     4 38.452404
199     4 16.999767
200     4 42.260086
201     4 21.530010
202     4 36.615826
203     4 40.918247
204     4 10.145762
205     4 46.121090
206     4 15.018395
207     4 21.230700
208     4 18.317997
209     4 21.934031
  0     4 16.036938
  1     4 16.186274
  2     4 14.999787
  3     4 17.357988
  4     4 17.584414
  5     4 39.241814
  6     4 22.150286
  7     4 20.859318
  8     4 23.985909
  9     4 33.793102
 10     4 33.978165
 12     4 17.029547
 13     4 39.534943
 14     4 17.592182
 15     4 17.559246
 16     4 17.589321
 17     4 31.556324
 18     4 19.708622
 19     4 15.511686
 20     4 22.666719
 21     4 33.274281
 22     4 20.816465
 23     4 23.191572
 24     4 17.147692
 25     4 21.797169
 26     4 17.942680
 27     4 18.436707
 28     4 30.138004
 29     4 18.566500
 30     4 16.915768
 31     4 19.942043
 32     4 20.523922
 33     4 27.549152
 34     4 22.827482
 35     4 37.504086
 36     4 46.565960
 37     4 40.891891
 38     4 22.038692
 39     4 25.098946
 40     4 24.359344
 42     4 19.285738
 43     4 38.549042
 44     4 23.393772
 45     4 19.754345
 46     4 15.614694
 47     4 36.836338
 48     4 15.782312
 49     4 20.294922
 50     4 29.366426
 51     4 19.675014
 52     4 20.685184
 53     4 26.054792
 54     4 21.602949
 55     4 37.359306
 56     4 22.001665
 57     4 18.866137
 58     4 21.456511
 59     4 19.777960
 60     4 18.882057
 61     4 29.166807
 62     4 26.916111
 63     4 38.525665
 64     4 22.529480
 65     4 15.340975
 66     4 40.495655
 67     4 22.998598
 68     4 25.863659
 69     4 42.688889
 70     4 27.010403
 71     4 23.963587
 72     4 46.492996
 73     4 40.726601
 74     4 21.291948
 75     4 31.387627
 76     4 22.463085
 77     4 14.730907
 78     4 25.549194
 79     4 21.377192
 80     4 32.303028
 81     4 24.398518
 82     4 22.991585
 83     4 37.831539
 84     4 24.173565
 85     4 18.397533
 86     4 19.122192
 87     4 30.469698
 88     4 31.683939
 89     4 24.361855
 90     4 24.045963
 91     4 44.531559
 92     4 28.074358
 93     4 49.738811
 94     4 22.078259
 95     4 44.824997
 96     4 19.731241
 97     4 24.267431
 98     4 17.529379
 99     4 46.538559
100     4 22.336842
101     4 19.781216
102     4 27.392469
103     4 20.251476
104     4 32.984428
105     4 22.938185
106     4 22.941385
107     4 25.611919
108     4 43.262062
109     4 22.233143
110     4 19.464411
111     4 23.786526
112     4 17.037167
113     4 38.992897
114     4 42.033680
115     4 25.039595
116     4 27.070509
117     4 46.753380
118     4 20.850866
119     4 24.033516
120     4 22.379311
121     4 3.822377
122     4 13.447577
123     4 17.919926
124     4 43.538651
125     4 23.389830
126     4 39.493004
127     4 17.943052
128     4 42.030300
129     4 25.057528
130     4 20.291149
131     4 22.073826
132     4 25.163532
133     4 23.431717
134     4 20.343870
135     4 22.140018
136     4 33.636868
137     4 26.214155
138     4 26.029238
139     4 41.913589
140     4 33.209362
141     4 29.120495
142     4 21.481766
143     4 25.319166
144     4 46.794708
145     4 38.112331
146     4 25.128210
147     4 32.780178
148     4 37.104259
149     4 12.519978
150     4 25.016497
151     4 35.353249
152     4 25.377743
153     4 71.170631
154     4 27.953333
155     4 32.776115
156     4 28.392134
157     4 40.515282
158     4 28.530895
159     4 33.262844
160     4 24.455786
161     4 37.533855
162     4 19.038643
163     4 22.329874
164     4 22.985613
165     4 25.985334
166     4 32.481983
167     4 19.654295
168     4 22.502151
169     4 104.067596
170     4 16.563702
171     4 24.354885
172     4 15.970843
173     4 40.523811
174     4 25.459400
175     4 22.807196
176     4 21.619387
177     4 27.099108
179     4 24.355659
180     4 21.006533
181     4 26.970198
182     4 18.856632
183     4 20.661697
184     4 21.468323
185     4 31.316980
186     4 24.047731
187     4 22.472805
188     4 19.237410
189     4 26.116484
190     4 19.785250
191     4 20.657030
192     4 24.098503
193     4 30.751476
194     4 34.350990
195     4 22.534998
196     4 24.587440
197     4 21.606262
199     4 25.182873
200     4 25.087126
201     4 31.569607
202     4 31.761385
203     4 28.447395
204     4 16.627245
205     4 23.385838
206     4 21.458776
207     4 15.323867
208     4 14.639254
209     4 17.382578
   0    4 16.036936
   1    4 16.186275
   2    4 14.999785
   3    4 17.580641
   4    4 17.385130
   5    4 34.043312
   6    4 22.308012
   7    4 21.014498
   8    4 23.358549
   9    4 30.409191
  10    4 28.626432
  12    4 17.481802
  13    4 40.071812
  14    4 18.085674
  15    4 18.179493
  16    4 18.081863
  17    4 22.233284
  18    4 19.863770
  19    4 15.970748
  20    4 23.517237
  21    4 33.113297
  22    4 21.517454
  23    4 24.368019
  24    4 17.827026
  25    4 22.479799
  26    4 18.469387
  27    4 19.009403
  28    4 24.743328
  29    4 18.566502
  30    4 17.492092
  31    4 20.184803
  32    4 21.133198
  33    4 22.123678
  34    4 23.218826
  35    4 31.361860
  36    4 25.544222
  37    4 29.900066
  38    4 22.630970
  39    4 25.512690
  40    4 22.373739
  42    4 19.052723
  43    4 30.662853
  44    4 23.976379
  45    4 20.162031
  46    4 15.118329
  47    4 27.384020
  48    4 15.910411
  49    4 20.272018
  50    4 26.915201
  51    4 20.143847
  52    4 20.653969
  53    4 26.232618
  54    4 21.602949
  55    4 26.387459
  56    4 22.467756
  57    4 19.454100
  58    4 21.645624
  59    4 20.101713
  60    4 18.973125
  61    4 28.170916
  62    4 26.928020
  63    4 27.234615
  64    4 22.521664
  65    4 16.071703
  66    4 30.593267
  67    4 23.553129
  68    4 25.977926
  69    4 28.704029
  70    4 26.054461
  71    4 24.564758
  72    4 30.577497
  73    4 30.403484
  74    4 20.920692
  75    4 31.167492
  76    4 22.195234
  77    4 14.503874
  78    4 25.624031
  79    4 22.322048
  80    4 32.865780
  81    4 23.970207
  82    4 21.975708
  83    4 27.241653
  84    4 24.601765
  85    4 18.781019
  86    4 19.569386
  87    4 28.985081
  88    4 26.367649
  89    4 23.107174
  90    4 23.676109
  91    4 28.149170
  92    4 27.772320
  93    4 35.892078
  94    4 23.009832
  95    4 29.755863
  96    4 20.594894
  97    4 24.318043
  98    4 17.886497
  99    4 39.423786
 100    4 22.522190
 101    4 20.399822
 102    4 28.475231
 103    4 19.729609
 104    4 26.065987
 105    4 22.630104
 106    4 23.171247
 107    4 26.633274
 108    4 29.824562
 109    4 21.959652
 110    4 20.073717
 111    4 23.486181
 112    4 17.722023
 113    4 31.576235
 114    4 28.407042
 115    4 24.892275
 116    4 27.086491
 117    4 34.527573
 118    4 20.456724
 119    4 23.825199
 120    4 22.589249
 121    4 15.170446
 122    4 14.189943
 123    4 17.919926
 124    4 28.636152
 125    4 23.389832
 126    4 28.857204
 127    4 19.002504
 128    4 31.627001
 129    4 24.454645
 130    4 20.929956
 131    4 22.859070
 132    4 24.460743
 133    4 24.214733
 134    4 21.253765
 135    4 22.971169
 136    4 28.872452
 137    4 27.321407
 138    4 26.962280
 139    4 31.199671
 140    4 24.864534
 141    4 28.294874
 142    4 22.293634
 143    4 26.248724
 144    4 36.759506
 145    4 30.527205
 146    4 26.198837
 147    4 32.062641
 148    4 28.611374
 149    4 12.083570
 150    4 26.896322
 151    4 26.534933
 152    4 24.949903
 153    4 75.700691
 154    4 28.956985
 155    4 26.173561
 156    4 29.851374
 157    4 32.788528
 158    4 28.440681
 159    4 21.918562
 160    4 24.698271
 161    4 29.694960
 162    4 20.081980
 163    4 22.332966
 164    4 22.961956
 165    4 26.499281
 166    4 23.511757
 167    4 16.033138
 168    4 21.976484
 169    4 100.922363
 170    4 16.983822
 171    4 21.838789
 172    4 15.571935
 173    4 40.266563
 174    4 24.875782
 175    4 21.799284
 176    4 20.831335
 177    4 19.716154
 179    4 25.417736
 180    4 20.928841
 181    4 27.387712
 182    4 18.856632
 183    4 21.406424
 184    4 21.335983
 185    4 24.405600
 186    4 26.942850
 187    4 21.747257
 188    4 17.669962
 189    4 25.633839
 190    4 20.209068
 191    4 19.081528
 192    4 22.948896
 193    4 27.660973
 194    4 27.134790
 195    4 22.535000
 196    4 24.727516
 197    4 21.767399
 199    4 24.740511
 200    4 24.410238
 201    4 28.519714
 202    4 27.675610
 203    4 28.863939
 204    4 18.004850
 205    4 22.533730
 206    4 17.682718
 207    4 23.580992
 208    4 17.393787
 209    4 16.163422
