/RAF/TL0151/G00080 000033792000 19860301 19970203
/RAF/TL0151/G00080C 000033714176 19970203 20000124
/RAF/TL0151/G00081 000002457600 19860301 19970203
/RAF/TL0151/G00081C 000002293760 19970203 20000124
/RAF/TL0151/G00082 000033792000 19860301 19970204
/RAF/TL0151/G00082C 000033714176 19970204 00000000
/RAF/TL0151/G00083 000014622720 19860501 20000124
/RAF/TL0151/G00084 000033792000 19860302 20000124
/RAF/TL0151/G00084C 000033714176 19970204 20000124
/RAF/TL0151/G00085 000016957440 19860301 19970204
/RAF/TL0151/G00085C 000016748544 19970204 20000124
/RAF/TL0151/G00086 000033714176 19870304 20000124
/RAF/TL0151/G00087 000012656640 19870310 19970204
/RAF/TL0151/G00087C 000012492800 19970204 20000124
/RAF/TL0151/G00088 000033718272 19870304 20000124
/RAF/TL0151/G00089 000010444800 19870310 19970204
/RAF/TL0151/G00089C 000010326016 19970204 00000000
/RAF/TL0151/G00090 000033714176 19870304 19970204
/RAF/TL0151/G00091 000015360000 19870310 19970204
/RAF/TL0151/G00091C 000015245312 19970204 00000000
/RAF/TL0151/G00092 000033792000 19870310 19970204
/RAF/TL0151/G00092C 000033714176 19970204 00000000
/RAF/TL0151/G00093 000005529600 19870310 19970204
/RAF/TL0151/G00093C 000005406720 19970204 00000000
/RAF/TL0151/G00094 000033714176 19861119 19970204
/RAF/TL0151/G00095 000004141056 19860501 19970204
/RAF/TL0151/G00096 000033718272 19860501 19970204
/RAF/TL0151/G00097 000014344192 19860501 19970204
/RAF/TL0151/G00098 000033792000 19870310 19970204
/RAF/TL0151/G00098C 000033714176 19970204 00000000
/RAF/TL0151/G00099 000008355840 19870310 19970204
/RAF/TL0151/G00099C 000008208384 19970204 00000000
/RAF/TL0151/G00100 000033546240 19870310 19970204
/RAF/TL0151/G00100C 000033460224 19970204 00000000
/RAF/TL0151/G00101 000033792000 19870310 19970204
/RAF/TL0151/G00101C 000033714176 19970204 00000000
/RAF/TL0151/G00102 000014622720 19870310 19970204
/RAF/TL0151/G00102C 000014413824 19970204 00000000
/RAF/TL0151/G00103 000031088640 19870310 19970204
/RAF/TL0151/G00103C 000030941184 19970204 00000000
/RAF/TL0151/G00133 000014999552 19860425 19970206
/RAF/TL0151/G00134 000021647360 19860425 19970207
/RAF/TL0151/G00135 000033792000 19870310 19970206
/RAF/TL0151/G00135C 000033714176 19970206 19990723

