"<HTML>
<H2>wetPrf_C002.2009.009.09.25.G02_2007.3200_nc</H2>
<PRE>
------------------------------------------------------------------------------
   PRES   GHGT   TEMP   DWPT    RELH   MIXR   DRCT   SKNT   THTA   THTE   THTV
    hPa     m      C      C       %    g/kg    deg   knot     K      K      K
------------------------------------------------------------------------------
 -999.0      0 -999.0 -999.0   -999 -999.0 -999.0 -999.0 -999.0 -999.0 -999.0
 -999.0   -999 -999.0 -999.0   -999 -999.0 -999.0 -999.0 -999.0 -999.0 -999.0
 -999.0   -999 -999.0 -999.0   -999 -999.0 -999.0 -999.0 -999.0 -999.0 -999.0
 -999.0   -999 -999.0 -999.0   -999 -999.0 -999.0 -999.0 -999.0 -999.0 -999.0
 -999.0   -999 -999.0 -999.0   -999 -999.0 -999.0 -999.0 -999.0 -999.0 -999.0
 -999.0   -999 -999.0 -999.0   -999 -999.0 -999.0 -999.0 -999.0 -999.0 -999.0
 -999.0   -999 -999.0 -999.0   -999 -999.0 -999.0 -999.0 -999.0 -999.0 -999.0
 -999.0   -999 -999.0 -999.0   -999 -999.0 -999.0 -999.0 -999.0 -999.0 -999.0
 -999.0   -999 -999.0 -999.0   -999 -999.0 -999.0 -999.0 -999.0 -999.0 -999.0
  900.4   -999  -40.2  -43.9     67 -999.0 -999.0 -999.0 -999.0 -999.0 -999.0
  887.3   1016  -38.7  -42.3     68 -999.0 -999.0 -999.0 -999.0 -999.0 -999.0
  874.5   1115  -36.5  -39.9     70 -999.0 -999.0 -999.0 -999.0 -999.0 -999.0
  862.0   1214  -33.8  -37.1     71 -999.0 -999.0 -999.0 -999.0 -999.0 -999.0
  849.9   1313  -30.7  -33.8     74 -999.0 -999.0 -999.0 -999.0 -999.0 -999.0
  838.1   1411  -27.2  -31.7     65 -999.0 -999.0 -999.0 -999.0 -999.0 -999.0
  826.6   1510  -23.7  -31.1     50 -999.0 -999.0 -999.0 -999.0 -999.0 -999.0
  815.4   1609  -21.7  -30.2     46 -999.0 -999.0 -999.0 -999.0 -999.0 -999.0
  804.4   1708  -21.3  -29.1     49 -999.0 -999.0 -999.0 -999.0 -999.0 -999.0
  793.5   1808  -21.1  -28.2     53 -999.0 -999.0 -999.0 -999.0 -999.0 -999.0
  782.8   1908  -21.4  -28.3     53 -999.0 -999.0 -999.0 -999.0 -999.0 -999.0
  772.3   2008  -21.3  -28.7     51 -999.0 -999.0 -999.0 -999.0 -999.0 -999.0
  761.9   2108  -21.0  -29.3     47 -999.0 -999.0 -999.0 -999.0 -999.0 -999.0
  751.6   2208  -20.9  -29.9     44 -999.0 -999.0 -999.0 -999.0 -999.0 -999.0
  741.5   2308  -21.0  -30.6     41 -999.0 -999.0 -999.0 -999.0 -999.0 -999.0
  731.5   2408  -21.2  -31.2     40 -999.0 -999.0 -999.0 -999.0 -999.0 -999.0
  721.6   2508  -21.5  -31.9     38 -999.0 -999.0 -999.0 -999.0 -999.0 -999.0
  711.9   2608  -22.0  -32.4     38 -999.0 -999.0 -999.0 -999.0 -999.0 -999.0
  702.3   2708  -22.8  -32.8     39 -999.0 -999.0 -999.0 -999.0 -999.0 -999.0
  692.7   2809  -23.4  -33.3     39 -999.0 -999.0 -999.0 -999.0 -999.0 -999.0
  683.3   2909  -23.7  -34.0     38 -999.0 -999.0 -999.0 -999.0 -999.0 -999.0
  674.0   3009  -23.7  -34.8     35 -999.0 -999.0 -999.0 -999.0 -999.0 -999.0
  664.8   3109  -23.8  -35.5     33 -999.0 -999.0 -999.0 -999.0 -999.0 -999.0
  655.8   3209  -24.2  -36.2     32 -999.0 -999.0 -999.0 -999.0 -999.0 -999.0
  646.8   3309  -24.7  -36.7     31 -999.0 -999.0 -999.0 -999.0 -999.0 -999.0
  638.0   3410  -25.2  -37.3     31 -999.0 -999.0 -999.0 -999.0 -999.0 -999.0
  629.2   3510  -25.6  -37.9     30 -999.0 -999.0 -999.0 -999.0 -999.0 -999.0
  620.6   3610  -25.9  -38.6     29 -999.0 -999.0 -999.0 -999.0 -999.0 -999.0
  612.1   3710  -26.3  -39.2     28 -999.0 -999.0 -999.0 -999.0 -999.0 -999.0
  603.6   3810  -26.8  -39.7     28 -999.0 -999.0 -999.0 -999.0 -999.0 -999.0
  595.3   3911  -27.4  -40.2     28 -999.0 -999.0 -999.0 -999.0 -999.0 -999.0
  587.1   4011  -28.3  -40.7     29 -999.0 -999.0 -999.0 -999.0 -999.0 -999.0
  578.9   4111  -29.1  -41.2     30 -999.0 -999.0 -999.0 -999.0 -999.0 -999.0
  570.9   4212  -29.8  -41.8     30 -999.0 -999.0 -999.0 -999.0 -999.0 -999.0
  562.9   4312  -30.3  -42.3     30 -999.0 -999.0 -999.0 -999.0 -999.0 -999.0
  555.0   4412  -31.0  -42.8     30 -999.0 -999.0 -999.0 -999.0 -999.0 -999.0
  547.2   4512  -31.6  -43.4     30 -999.0 -999.0 -999.0 -999.0 -999.0 -999.0
  539.6   4613  -32.1  -43.9     30 -999.0 -999.0 -999.0 -999.0 -999.0 -999.0
  531.9   4713  -32.8  -44.5     30 -999.0 -999.0 -999.0 -999.0 -999.0 -999.0
  524.4   4813  -33.6  -45.0     30 -999.0 -999.0 -999.0 -999.0 -999.0 -999.0
  517.0   4914  -34.2  -45.6     30 -999.0 -999.0 -999.0 -999.0 -999.0 -999.0
  509.6   5014  -34.7  -46.2     30 -999.0 -999.0 -999.0 -999.0 -999.0 -999.0
  502.4   5114  -35.1  -46.7     29 -999.0 -999.0 -999.0 -999.0 -999.0 -999.0
  495.2   5214  -35.7  -47.3     29 -999.0 -999.0 -999.0 -999.0 -999.0 -999.0
  488.1   5315  -36.3  -47.8     29 -999.0 -999.0 -999.0 -999.0 -999.0 -999.0
  481.1   5415  -37.0  -48.4     29 -999.0 -999.0 -999.0 -999.0 -999.0 -999.0
  474.2   5515  -37.7  -48.9     29 -999.0 -999.0 -999.0 -999.0 -999.0 -999.0
  467.4   5616  -38.3  -49.5     29 -999.0 -999.0 -999.0 -999.0 -999.0 -999.0
  460.6   5716  -38.9  -50.0     30 -999.0 -999.0 -999.0 -999.0 -999.0 -999.0
  454.0   5816  -39.6  -50.5     30 -999.0 -999.0 -999.0 -999.0 -999.0 -999.0
  447.3   5917  -40.4  -51.1     30 -999.0 -999.0 -999.0 -999.0 -999.0 -999.0
  440.8   6017  -41.1  -51.6     31 -999.0 -999.0 -999.0 -999.0 -999.0 -999.0
  434.4   6117  -41.7  -52.1     31 -999.0 -999.0 -999.0 -999.0 -999.0 -999.0
  428.0   6218  -42.5  -52.6     31 -999.0 -999.0 -999.0 -999.0 -999.0 -999.0
  421.7   6318  -43.4  -53.2     33 -999.0 -999.0 -999.0 -999.0 -999.0 -999.0
  415.5   6419  -44.3  -53.7     34 -999.0 -999.0 -999.0 -999.0 -999.0 -999.0
  409.3   6519  -45.2  -54.2     35 -999.0 -999.0 -999.0 -999.0 -999.0 -999.0
  403.2   6620  -46.1  -54.7     36 -999.0 -999.0 -999.0 -999.0 -999.0 -999.0
  397.2   6720  -46.7  -55.2     37 -999.0 -999.0 -999.0 -999.0 -999.0 -999.0
  391.2   6820  -47.2  -55.8     36 -999.0 -999.0 -999.0 -999.0 -999.0 -999.0
  385.4   6921  -47.7  -56.4     36 -999.0 -999.0 -999.0 -999.0 -999.0 -999.0
  379.6   7021  -48.4  -57.0     36 -999.0 -999.0 -999.0 -999.0 -999.0 -999.0
  373.8   7121  -49.0  -57.6     35 -999.0 -999.0 -999.0 -999.0 -999.0 -999.0
  368.2   7221  -49.4  -58.2     35 -999.0 -999.0 -999.0 -999.0 -999.0 -999.0
  362.6   7322  -50.0  -58.8     34 -999.0 -999.0 -999.0 -999.0 -999.0 -999.0
  357.1   7422  -50.8  -59.3     35 -999.0 -999.0 -999.0 -999.0 -999.0 -999.0
  351.6   7523  -51.5  -59.9     35 -999.0 -999.0 -999.0 -999.0 -999.0 -999.0
  346.2   7623  -52.2  -60.5     36 -999.0 -999.0 -999.0 -999.0 -999.0 -999.0
  340.9   7723  -52.9  -61.0     36 -999.0 -999.0 -999.0 -999.0 -999.0 -999.0
  335.7   7824  -53.6  -61.6     37 -999.0 -999.0 -999.0 -999.0 -999.0 -999.0
  330.5   7924  -54.2  -62.1     36 -999.0 -999.0 -999.0 -999.0 -999.0 -999.0
  325.4   8024  -54.7  -62.7     36 -999.0 -999.0 -999.0 -999.0 -999.0 -999.0
  320.3   8125  -55.3  -63.2     36 -999.0 -999.0 -999.0 -999.0 -999.0 -999.0
  315.3   8225  -55.9  -63.8     36 -999.0 -999.0 -999.0 -999.0 -999.0 -999.0
  310.4   8325  -56.6  -64.3     36 -999.0 -999.0 -999.0 -999.0 -999.0 -999.0
  305.5   8426  -57.4  -64.9     37 -999.0 -999.0 -999.0 -999.0 -999.0 -999.0
  300.7   8526  -58.3  -65.4     39 -999.0 -999.0 -999.0 -999.0 -999.0 -999.0
  296.0   8627  -59.3  -65.9     41 -999.0 -999.0 -999.0 -999.0 -999.0 -999.0
  291.3   8727  -60.3  -66.4     44 -999.0 -999.0 -999.0 -999.0 -999.0 -999.0
  286.7   8828  -61.1  -66.9     45 -999.0 -999.0 -999.0 -999.0 -999.0 -999.0
  282.1   8928  -61.4  -67.5     44 -999.0 -999.0 -999.0 -999.0 -999.0 -999.0
  277.6   9028  -61.4  -68.0     41 -999.0 -999.0 -999.0 -999.0 -999.0 -999.0
  273.1   9128  -61.3  -68.5     37 -999.0 -999.0 -999.0 -999.0 -999.0 -999.0
  268.8   9228  -61.2  -69.0     34 -999.0 -999.0 -999.0 -999.0 -999.0 -999.0
  264.5   9328  -61.2  -69.5     32 -999.0 -999.0 -999.0 -999.0 -999.0 -999.0
  260.3   9428  -61.4  -70.0     31 -999.0 -999.0 -999.0 -999.0 -999.0 -999.0
  256.1   9528  -61.4  -70.5     28 -999.0 -999.0 -999.0 -999.0 -999.0 -999.0
  252.0   9628  -61.1  -71.0     25 -999.0 -999.0 -999.0 -999.0 -999.0 -999.0
  248.0   9728  -60.8  -71.4     23 -999.0 -999.0 -999.0 -999.0 -999.0 -999.0
  244.0   9828  -60.9  -71.8     22 -999.0 -999.0 -999.0 -999.0 -999.0 -999.0
  240.1   9928  -60.9  -72.1     21 -999.0 -999.0 -999.0 -999.0 -999.0 -999.0
  236.3  10028  -60.7  -72.5     19 -999.0 -999.0 -999.0 -999.0 -999.0 -999.0
  232.6  10128  -60.4  -72.8     18 -999.0 -999.0 -999.0 -999.0 -999.0 -999.0
  228.9  10228  -60.1  -73.1     16 -999.0 -999.0 -999.0 -999.0 -999.0 -999.0
  225.2  10328  -59.9  -73.5     15 -999.0 -999.0 -999.0 -999.0 -999.0 -999.0
  221.7  10427  -59.7  -73.8     14 -999.0 -999.0 -999.0 -999.0 -999.0 -999.0
  218.1  10527  -59.6  -74.2     13 -999.0 -999.0 -999.0 -999.0 -999.0 -999.0
  214.7  10627  -59.6  -74.5     12 -999.0 -999.0 -999.0 -999.0 -999.0 -999.0
  211.3  10727  -59.6  -74.8     12 -999.0 -999.0 -999.0 -999.0 -999.0 -999.0
  207.9  10827  -59.7  -75.2     11 -999.0 -999.0 -999.0 -999.0 -999.0 -999.0
  204.6  10927  -59.8  -75.5     11 -999.0 -999.0 -999.0 -999.0 -999.0 -999.0
  201.4  11027  -59.8  -75.8     10 -999.0 -999.0 -999.0 -999.0 -999.0 -999.0
  198.2  11128  -59.9  -76.1     10 -999.0 -999.0 -999.0 -999.0 -999.0 -999.0
  195.1  11228  -60.0  -76.5      9 -999.0 -999.0 -999.0 -999.0 -999.0 -999.0
  192.0  11328  -60.0  -76.8      9 -999.0 -999.0 -999.0 -999.0 -999.0 -999.0
  188.9  11428  -60.0  -77.1      8 -999.0 -999.0 -999.0 -999.0 -999.0 -999.0
  185.9  11528  -60.0  -77.4      8 -999.0 -999.0 -999.0 -999.0 -999.0 -999.0
  183.0  11628  -59.9  -77.7      8 -999.0 -999.0 -999.0 -999.0 -999.0 -999.0
  180.1  11728  -60.0  -78.0      7 -999.0 -999.0 -999.0 -999.0 -999.0 -999.0
  177.2  11828  -60.0  -78.4      7 -999.0 -999.0 -999.0 -999.0 -999.0 -999.0
  174.4  11928  -60.2  -78.7      7 -999.0 -999.0 -999.0 -999.0 -999.0 -999.0
  171.6  12028  -60.3  -79.0      6 -999.0 -999.0 -999.0 -999.0 -999.0 -999.0
  168.9  12128  -60.5  -79.3      6 -999.0 -999.0 -999.0 -999.0 -999.0 -999.0
  166.2  12228  -60.7  -79.6      6 -999.0 -999.0 -999.0 -999.0 -999.0 -999.0
  163.6  12328  -60.9  -79.9      6 -999.0 -999.0 -999.0 -999.0 -999.0 -999.0
  161.0  12428  -61.1  -80.2      6 -999.0 -999.0 -999.0 -999.0 -999.0 -999.0
  158.4  12528  -61.2  -80.5      6 -999.0 -999.0 -999.0 -999.0 -999.0 -999.0
  155.9  12628  -61.3  -80.8      5 -999.0 -999.0 -999.0 -999.0 -999.0 -999.0
  153.4  12728  -61.4  -81.1      5 -999.0 -999.0 -999.0 -999.0 -999.0 -999.0
  150.9  12828  -61.4  -81.4      5 -999.0 -999.0 -999.0 -999.0 -999.0 -999.0
  148.5  12928  -61.3  -81.6      5 -999.0 -999.0 -999.0 -999.0 -999.0 -999.0
  146.1  13028  -61.3  -81.8      5 -999.0 -999.0 -999.0 -999.0 -999.0 -999.0
  143.8  13128  -61.2  -81.9      4 -999.0 -999.0 -999.0 -999.0 -999.0 -999.0
  141.5  13228  -61.1  -82.1      4 -999.0 -999.0 -999.0 -999.0 -999.0 -999.0
  139.3  13328  -61.1  -82.2      4 -999.0 -999.0 -999.0 -999.0 -999.0 -999.0
  137.0  13428  -61.0  -82.3      4 -999.0 -999.0 -999.0 -999.0 -999.0 -999.0
  134.9  13528  -61.0  -82.4      4 -999.0 -999.0 -999.0 -999.0 -999.0 -999.0
  132.7  13628  -61.0  -82.6      4 -999.0 -999.0 -999.0 -999.0 -999.0 -999.0
  130.6  13728  -61.0  -82.7      4 -999.0 -999.0 -999.0 -999.0 -999.0 -999.0
  128.5  13828  -60.9  -82.8      4 -999.0 -999.0 -999.0 -999.0 -999.0 -999.0
  126.5  13928  -60.9  -83.0      3 -999.0 -999.0 -999.0 -999.0 -999.0 -999.0
  124.5  14028  -60.8  -83.1      3 -999.0 -999.0 -999.0 -999.0 -999.0 -999.0
  122.5  14128  -60.8  -83.2      3 -999.0 -999.0 -999.0 -999.0 -999.0 -999.0
  120.5  14228  -60.9  -83.3      3 -999.0 -999.0 -999.0 -999.0 -999.0 -999.0
  118.6  14328  -61.0  -83.5      3 -999.0 -999.0 -999.0 -999.0 -999.0 -999.0
  116.7  14428  -61.1  -83.6      3 -999.0 -999.0 -999.0 -999.0 -999.0 -999.0
  114.9  14528  -61.2  -83.7      3 -999.0 -999.0 -999.0 -999.0 -999.0 -999.0
  113.0  14628  -61.4  -83.8      3 -999.0 -999.0 -999.0 -999.0 -999.0 -999.0
  111.2  14728  -61.6  -84.0      3 -999.0 -999.0 -999.0 -999.0 -999.0 -999.0
  109.4  14829  -61.8  -84.1      3 -999.0 -999.0 -999.0 -999.0 -999.0 -999.0
  107.7  14929  -62.0  -84.2      3 -999.0 -999.0 -999.0 -999.0 -999.0 -999.0
  106.0  15029  -62.3  -84.3      3 -999.0 -999.0 -999.0 -999.0 -999.0 -999.0
  104.3  15129  -62.6  -84.5      3 -999.0 -999.0 -999.0 -999.0 -999.0 -999.0
  102.6  15229  -62.9  -84.6      3 -999.0 -999.0 -999.0 -999.0 -999.0 -999.0
  100.9  15329  -63.2  -84.7      3 -999.0 -999.0 -999.0 -999.0 -999.0 -999.0
   99.3  15430  -63.5  -84.8      4 -999.0 -999.0 -999.0 -999.0 -999.0 -999.0
   97.7  15530  -63.8  -84.9      4 -999.0 -999.0 -999.0 -999.0 -999.0 -999.0
   96.1  15630  -64.1  -85.0      4 -999.0 -999.0 -999.0 -999.0 -999.0 -999.0
   94.6  15730  -64.4  -85.1      4 -999.0 -999.0 -999.0 -999.0 -999.0 -999.0
   93.1  15830  -64.6  -85.2      4 -999.0 -999.0 -999.0 -999.0 -999.0 -999.0
   91.5  15930  -64.9  -85.3      4 -999.0 -999.0 -999.0 -999.0 -999.0 -999.0
   90.1  16031  -65.0  -85.4      4 -999.0 -999.0 -999.0 -999.0 -999.0 -999.0
   88.6  16131  -65.2  -85.5      4 -999.0 -999.0 -999.0 -999.0 -999.0 -999.0
   87.2  16231  -65.2  -85.6      4 -999.0 -999.0 -999.0 -999.0 -999.0 -999.0
   85.7  16331  -65.2  -85.7      4 -999.0 -999.0 -999.0 -999.0 -999.0 -999.0
   84.4  16431  -65.2  -85.8      4 -999.0 -999.0 -999.0 -999.0 -999.0 -999.0
   83.0  16531  -65.1  -85.9      4 -999.0 -999.0 -999.0 -999.0 -999.0 -999.0
   81.6  16631  -65.1  -86.0      4 -999.0 -999.0 -999.0 -999.0 -999.0 -999.0
   80.3  16731  -65.0  -86.1      3 -999.0 -999.0 -999.0 -999.0 -999.0 -999.0
   79.0  16831  -65.0  -86.2      3 -999.0 -999.0 -999.0 -999.0 -999.0 -999.0
   77.7  16931  -65.0  -86.3      3 -999.0 -999.0 -999.0 -999.0 -999.0 -999.0
   76.5  17031  -65.2  -86.4      3 -999.0 -999.0 -999.0 -999.0 -999.0 -999.0
   75.2  17131  -65.4  -86.5      3 -999.0 -999.0 -999.0 -999.0 -999.0 -999.0
   74.0  17231  -65.6  -86.6      3 -999.0 -999.0 -999.0 -999.0 -999.0 -999.0
   72.8  17331  -65.9  -86.7      4 -999.0 -999.0 -999.0 -999.0 -999.0 -999.0
   71.6  17431  -66.1  -86.8      4 -999.0 -999.0 -999.0 -999.0 -999.0 -999.0
   70.4  17531  -66.4  -86.9      4 -999.0 -999.0 -999.0 -999.0 -999.0 -999.0
   69.3  17632  -66.6  -87.0      4 -999.0 -999.0 -999.0 -999.0 -999.0 -999.0
   68.2  17732  -66.8  -87.1      4 -999.0 -999.0 -999.0 -999.0 -999.0 -999.0
   67.0  17832  -67.0  -87.2      4 -999.0 -999.0 -999.0 -999.0 -999.0 -999.0
   65.9  17932  -67.2  -87.3      4 -999.0 -999.0 -999.0 -999.0 -999.0 -999.0
   64.9  18032  -67.3  -87.4      4 -999.0 -999.0 -999.0 -999.0 -999.0 -999.0
   63.8  18132  -67.4  -87.5      4 -999.0 -999.0 -999.0 -999.0 -999.0 -999.0
   62.8  18232  -67.6  -87.6      4 -999.0 -999.0 -999.0 -999.0 -999.0 -999.0
   61.7  18332  -67.7  -87.7      4 -999.0 -999.0 -999.0 -999.0 -999.0 -999.0
   60.7  18432  -67.8  -87.8      4 -999.0 -999.0 -999.0 -999.0 -999.0 -999.0
   59.7  18532  -68.0  -87.9      4 -999.0 -999.0 -999.0 -999.0 -999.0 -999.0
   58.7  18633  -68.1  -88.0      4 -999.0 -999.0 -999.0 -999.0 -999.0 -999.0
   57.8  18733  -68.3  -88.1      4 -999.0 -999.0 -999.0 -999.0 -999.0 -999.0
   56.8  18833  -68.5  -88.2      4 -999.0 -999.0 -999.0 -999.0 -999.0 -999.0
   55.9  18933  -68.7  -88.3      4 -999.0 -999.0 -999.0 -999.0 -999.0 -999.0
   55.0  19033  -68.9  -88.4      4 -999.0 -999.0 -999.0 -999.0 -999.0 -999.0
   54.0  19133  -69.1  -88.4      4 -999.0 -999.0 -999.0 -999.0 -999.0 -999.0
   53.2  19233  -69.4  -88.5      4 -999.0 -999.0 -999.0 -999.0 -999.0 -999.0
   52.3  19333  -69.6  -88.6      4 -999.0 -999.0 -999.0 -999.0 -999.0 -999.0
   51.4  19434  -69.8  -88.7      4 -999.0 -999.0 -999.0 -999.0 -999.0 -999.0
   50.6  19534  -70.0  -88.8      4 -999.0 -999.0 -999.0 -999.0 -999.0 -999.0
   49.7  19634  -70.2  -88.9      4 -999.0 -999.0 -999.0 -999.0 -999.0 -999.0
   48.9  19734  -70.4  -89.0      4 -999.0 -999.0 -999.0 -999.0 -999.0 -999.0
   48.1  19834  -70.6  -89.1      5 -999.0 -999.0 -999.0 -999.0 -999.0 -999.0
   47.3  19934  -70.7  -89.2      5 -999.0 -999.0 -999.0 -999.0 -999.0 -999.0
   46.5  20034  -70.9  -89.3      5 -999.0 -999.0 -999.0 -999.0 -999.0 -999.0
   45.7  20134  -71.1  -89.4      5 -999.0 -999.0 -999.0 -999.0 -999.0 -999.0
   44.9  20235  -71.2  -89.5      5 -999.0 -999.0 -999.0 -999.0 -999.0 -999.0
   44.2  20335  -71.4  -89.6      5 -999.0 -999.0 -999.0 -999.0 -999.0 -999.0
   43.5  20435  -71.5  -89.7      5 -999.0 -999.0 -999.0 -999.0 -999.0 -999.0
   42.7  20535  -71.7  -89.8      5 -999.0 -999.0 -999.0 -999.0 -999.0 -999.0
   42.0  20635  -71.8  -89.9      5 -999.0 -999.0 -999.0 -999.0 -999.0 -999.0
   41.3  20735  -71.9  -90.0      5 -999.0 -999.0 -999.0 -999.0 -999.0 -999.0
   40.6  20835  -72.1  -90.1      5 -999.0 -999.0 -999.0 -999.0 -999.0 -999.0
   39.9  20935  -72.2  -90.2      5 -999.0 -999.0 -999.0 -999.0 -999.0 -999.0
   39.3  21035  -72.3  -90.3      5 -999.0 -999.0 -999.0 -999.0 -999.0 -999.0
   38.6  21135  -72.4  -90.4      5 -999.0 -999.0 -999.0 -999.0 -999.0 -999.0
   38.0  21235  -72.5  -90.5      5 -999.0 -999.0 -999.0 -999.0 -999.0 -999.0
   37.3  21335  -72.6  -90.6      5 -999.0 -999.0 -999.0 -999.0 -999.0 -999.0
   36.7  21436  -72.8  -90.7      5 -999.0 -999.0 -999.0 -999.0 -999.0 -999.0
   36.1  21536  -72.9  -90.7      5 -999.0 -999.0 -999.0 -999.0 -999.0 -999.0
   35.5  21636  -73.1  -90.8      5 -999.0 -999.0 -999.0 -999.0 -999.0 -999.0
   34.9  21736  -73.2  -90.9      5 -999.0 -999.0 -999.0 -999.0 -999.0 -999.0
   34.3  21836  -73.4  -91.0      5 -999.0 -999.0 -999.0 -999.0 -999.0 -999.0
   33.7  21936  -73.6  -91.1      5 -999.0 -999.0 -999.0 -999.0 -999.0 -999.0
   33.1  22036  -73.8  -91.2      5 -999.0 -999.0 -999.0 -999.0 -999.0 -999.0
   32.6  22136  -73.9  -91.3      5 -999.0 -999.0 -999.0 -999.0 -999.0 -999.0
   32.0  22236  -74.0  -91.4      5 -999.0 -999.0 -999.0 -999.0 -999.0 -999.0
   31.5  22337  -74.1  -91.5      5 -999.0 -999.0 -999.0 -999.0 -999.0 -999.0
   30.9  22437  -74.2  -91.6      5 -999.0 -999.0 -999.0 -999.0 -999.0 -999.0
   30.4  22537  -74.2  -91.7      5 -999.0 -999.0 -999.0 -999.0 -999.0 -999.0
   29.9  22637  -74.2  -91.8      5 -999.0 -999.0 -999.0 -999.0 -999.0 -999.0
   29.4  22737  -74.1  -91.9      5 -999.0 -999.0 -999.0 -999.0 -999.0 -999.0
   28.9  22836  -74.0  -92.0      4 -999.0 -999.0 -999.0 -999.0 -999.0 -999.0
   28.4  22936  -73.8  -92.0      4 -999.0 -999.0 -999.0 -999.0 -999.0 -999.0
   27.9  23036  -73.7  -92.1      4 -999.0 -999.0 -999.0 -999.0 -999.0 -999.0
   27.5  23136  -73.5  -92.2      4 -999.0 -999.0 -999.0 -999.0 -999.0 -999.0
   27.0  23236  -73.3  -92.3      4 -999.0 -999.0 -999.0 -999.0 -999.0 -999.0
   26.5  23336  -73.1  -92.3      4 -999.0 -999.0 -999.0 -999.0 -999.0 -999.0
   26.1  23436  -72.9  -92.4      3 -999.0 -999.0 -999.0 -999.0 -999.0 -999.0
   25.7  23536  -72.7  -92.5      3 -999.0 -999.0 -999.0 -999.0 -999.0 -999.0
   25.2  23636  -72.6  -92.6      3 -999.0 -999.0 -999.0 -999.0 -999.0 -999.0
   24.8  23735  -72.4  -92.6      3 -999.0 -999.0 -999.0 -999.0 -999.0 -999.0
   24.4  23835  -72.3  -92.7      3 -999.0 -999.0 -999.0 -999.0 -999.0 -999.0
   24.0  23935  -72.2  -92.8      3 -999.0 -999.0 -999.0 -999.0 -999.0 -999.0
   23.6  24035  -72.1  -92.9      3 -999.0 -999.0 -999.0 -999.0 -999.0 -999.0
   23.2  24135  -72.0  -92.9      3 -999.0 -999.0 -999.0 -999.0 -999.0 -999.0
   22.8  24235  -71.9  -93.0      2 -999.0 -999.0 -999.0 -999.0 -999.0 -999.0
   22.4  24335  -71.9  -93.1      2 -999.0 -999.0 -999.0 -999.0 -999.0 -999.0
   22.0  24435  -71.9  -93.2      2 -999.0 -999.0 -999.0 -999.0 -999.0 -999.0
   21.7  24535  -71.9  -93.2      2 -999.0 -999.0 -999.0 -999.0 -999.0 -999.0
   21.3  24635  -71.9  -93.3      2 -999.0 -999.0 -999.0 -999.0 -999.0 -999.0
   21.0  24735  -71.9  -93.4      2 -999.0 -999.0 -999.0 -999.0 -999.0 -999.0
   20.6  24835  -71.9  -93.5      2 -999.0 -999.0 -999.0 -999.0 -999.0 -999.0
   20.3  24935  -71.9  -93.5      2 -999.0 -999.0 -999.0 -999.0 -999.0 -999.0
   19.9  25035  -71.9  -93.6      2 -999.0 -999.0 -999.0 -999.0 -999.0 -999.0
   19.6  25135  -72.0  -93.7      2 -999.0 -999.0 -999.0 -999.0 -999.0 -999.0
   19.3  25235  -72.0  -93.8      2 -999.0 -999.0 -999.0 -999.0 -999.0 -999.0
   18.9  25335  -72.1  -93.8      2 -999.0 -999.0 -999.0 -999.0 -999.0 -999.0
   18.6  25435  -72.1  -93.9      2 -999.0 -999.0 -999.0 -999.0 -999.0 -999.0
   18.3  25535  -72.2  -94.0      2 -999.0 -999.0 -999.0 -999.0 -999.0 -999.0
   18.0  25635  -72.3  -94.1      2 -999.0 -999.0 -999.0 -999.0 -999.0 -999.0
   17.7  25735  -72.3  -94.2      2 -999.0 -999.0 -999.0 -999.0 -999.0 -999.0
   17.4  25835  -72.4  -94.2      2 -999.0 -999.0 -999.0 -999.0 -999.0 -999.0
   17.1  25935  -72.4  -94.3      2 -999.0 -999.0 -999.0 -999.0 -999.0 -999.0
   16.8  26035  -72.5  -94.4      2 -999.0 -999.0 -999.0 -999.0 -999.0 -999.0
   16.5  26135  -72.5  -94.5      2 -999.0 -999.0 -999.0 -999.0 -999.0 -999.0
   16.3  26235  -72.6  -94.5      2 -999.0 -999.0 -999.0 -999.0 -999.0 -999.0
   16.0  26335  -72.6  -94.6      2 -999.0 -999.0 -999.0 -999.0 -999.0 -999.0
   15.7  26435  -72.6  -94.7      2 -999.0 -999.0 -999.0 -999.0 -999.0 -999.0
   15.5  26535  -72.6  -94.8      2 -999.0 -999.0 -999.0 -999.0 -999.0 -999.0
   15.2  26635  -72.6  -94.8      2 -999.0 -999.0 -999.0 -999.0 -999.0 -999.0
   14.9  26735  -72.6  -94.9      2 -999.0 -999.0 -999.0 -999.0 -999.0 -999.0
   14.7  26835  -72.6  -95.0      2 -999.0 -999.0 -999.0 -999.0 -999.0 -999.0
   14.4  26935  -72.5  -95.1      2 -999.0 -999.0 -999.0 -999.0 -999.0 -999.0
   14.2  27035  -72.4  -95.1      2 -999.0 -999.0 -999.0 -999.0 -999.0 -999.0
   14.0  27135  -72.3  -95.2      2 -999.0 -999.0 -999.0 -999.0 -999.0 -999.0
   13.7  27235  -72.2  -95.3      1 -999.0 -999.0 -999.0 -999.0 -999.0 -999.0
   13.5  27335  -72.0  -95.4      1 -999.0 -999.0 -999.0 -999.0 -999.0 -999.0
   13.3  27435  -71.9  -95.4      1 -999.0 -999.0 -999.0 -999.0 -999.0 -999.0
   13.1  27535  -71.7  -95.5      1 -999.0 -999.0 -999.0 -999.0 -999.0 -999.0
   12.8  27635  -71.5  -95.6      1 -999.0 -999.0 -999.0 -999.0 -999.0 -999.0
   12.6  27735  -71.2  -95.7      1 -999.0 -999.0 -999.0 -999.0 -999.0 -999.0
   12.4  27834  -71.0  -95.7      1 -999.0 -999.0 -999.0 -999.0 -999.0 -999.0
   12.2  27934  -70.8  -95.8      1 -999.0 -999.0 -999.0 -999.0 -999.0 -999.0
   12.0  28034  -70.6  -95.9      1 -999.0 -999.0 -999.0 -999.0 -999.0 -999.0
   11.8  28134  -70.3  -96.0      1 -999.0 -999.0 -999.0 -999.0 -999.0 -999.0
   11.6  28234  -70.1  -96.0      1 -999.0 -999.0 -999.0 -999.0 -999.0 -999.0
   11.4  28334  -69.9  -96.1      1 -999.0 -999.0 -999.0 -999.0 -999.0 -999.0
   11.2  28434  -69.7  -96.2      1 -999.0 -999.0 -999.0 -999.0 -999.0 -999.0
   11.0  28533  -69.5  -96.3      1 -999.0 -999.0 -999.0 -999.0 -999.0 -999.0
   10.9  28633  -69.3  -96.3      1 -999.0 -999.0 -999.0 -999.0 -999.0 -999.0
   10.7  28733  -69.1  -96.4      1 -999.0 -999.0 -999.0 -999.0 -999.0 -999.0
   10.5  28833  -69.0  -96.5      0 -999.0 -999.0 -999.0 -999.0 -999.0 -999.0
   10.3  28933  -68.8  -96.6      0 -999.0 -999.0 -999.0 -999.0 -999.0 -999.0
   10.2  29033  -68.6  -96.6      0 -999.0 -999.0 -999.0 -999.0 -999.0 -999.0
   10.0  29133  -68.5  -96.7      0 -999.0 -999.0 -999.0 -999.0 -999.0 -999.0
    9.8  29233  -68.3  -96.8      0 -999.0 -999.0 -999.0 -999.0 -999.0 -999.0
    9.7  29333  -68.2  -96.8      0 -999.0 -999.0 -999.0 -999.0 -999.0 -999.0
    9.5  29432  -68.0  -96.9      0 -999.0 -999.0 -999.0 -999.0 -999.0 -999.0
    9.4  29532  -67.8  -97.0      0 -999.0 -999.0 -999.0 -999.0 -999.0 -999.0
    9.2  29632  -67.6  -97.0      0 -999.0 -999.0 -999.0 -999.0 -999.0 -999.0
    9.1  29732  -67.4  -97.1      0 -999.0 -999.0 -999.0 -999.0 -999.0 -999.0
    8.9  29832  -67.2  -97.2      0 -999.0 -999.0 -999.0 -999.0 -999.0 -999.0
    8.8  29932  -67.0  -97.2      0 -999.0 -999.0 -999.0 -999.0 -999.0 -999.0
    8.6  30032  -66.8  -97.3      0 -999.0 -999.0 -999.0 -999.0 -999.0 -999.0
    8.5  30132  -66.6  -97.4      0 -999.0 -999.0 -999.0 -999.0 -999.0 -999.0
    8.3  30231  -66.5  -97.4      0 -999.0 -999.0 -999.0 -999.0 -999.0 -999.0
    8.2  30331  -66.3  -97.5      0 -999.0 -999.0 -999.0 -999.0 -999.0 -999.0
    8.1  30431  -66.1  -97.6      0 -999.0 -999.0 -999.0 -999.0 -999.0 -999.0
    7.9  30531  -65.9  -97.6      0 -999.0 -999.0 -999.0 -999.0 -999.0 -999.0
    7.8  30631  -65.8  -97.7      0 -999.0 -999.0 -999.0 -999.0 -999.0 -999.0
    7.7  30731  -65.6  -97.8      0 -999.0 -999.0 -999.0 -999.0 -999.0 -999.0
    7.6  30831  -65.5  -97.8      0 -999.0 -999.0 -999.0 -999.0 -999.0 -999.0
    7.4  30931  -65.4  -97.9      0 -999.0 -999.0 -999.0 -999.0 -999.0 -999.0
    7.3  31031  -65.3  -98.0      0 -999.0 -999.0 -999.0 -999.0 -999.0 -999.0
    7.2  31131  -65.2  -98.0      0 -999.0 -999.0 -999.0 -999.0 -999.0 -999.0
    7.1  31231  -65.1  -98.1      0 -999.0 -999.0 -999.0 -999.0 -999.0 -999.0
    7.0  31331  -65.1  -98.2      0 -999.0 -999.0 -999.0 -999.0 -999.0 -999.0
    6.9  31431  -65.0  -98.2      0 -999.0 -999.0 -999.0 -999.0 -999.0 -999.0
    6.7  31530  -65.0  -98.3      0 -999.0 -999.0 -999.0 -999.0 -999.0 -999.0
    6.6  31630  -64.9  -98.4      0 -999.0 -999.0 -999.0 -999.0 -999.0 -999.0
    6.5  31730  -64.8  -98.4      0 -999.0 -999.0 -999.0 -999.0 -999.0 -999.0
    6.4  31830  -64.7  -98.5      0 -999.0 -999.0 -999.0 -999.0 -999.0 -999.0
    6.3  31930  -64.6  -98.6      0 -999.0 -999.0 -999.0 -999.0 -999.0 -999.0
    6.2  32030  -64.5  -98.6      0 -999.0 -999.0 -999.0 -999.0 -999.0 -999.0
    6.1  32130  -64.4  -98.7      0 -999.0 -999.0 -999.0 -999.0 -999.0 -999.0
    6.0  32230  -64.3  -98.8      0 -999.0 -999.0 -999.0 -999.0 -999.0 -999.0
    5.9  32330  -64.1  -98.9      0 -999.0 -999.0 -999.0 -999.0 -999.0 -999.0
    5.8  32430  -64.0  -98.9      0 -999.0 -999.0 -999.0 -999.0 -999.0 -999.0
    5.7  32530  -63.8  -99.0      0 -999.0 -999.0 -999.0 -999.0 -999.0 -999.0
    5.6  32630  -63.7  -99.1      0 -999.0 -999.0 -999.0 -999.0 -999.0 -999.0
    5.6  32730  -63.5  -99.1      0 -999.0 -999.0 -999.0 -999.0 -999.0 -999.0
    5.5  32830  -63.4  -99.2      0 -999.0 -999.0 -999.0 -999.0 -999.0 -999.0
    5.4  32929  -63.2  -99.3      0 -999.0 -999.0 -999.0 -999.0 -999.0 -999.0
    5.3  33029  -63.1  -99.3      0 -999.0 -999.0 -999.0 -999.0 -999.0 -999.0
    5.2  33129  -62.9  -99.4      0 -999.0 -999.0 -999.0 -999.0 -999.0 -999.0
    5.1  33229  -62.7  -99.5      0 -999.0 -999.0 -999.0 -999.0 -999.0 -999.0
    5.0  33329  -62.5  -99.5      0 -999.0 -999.0 -999.0 -999.0 -999.0 -999.0
    5.0  33429  -62.3  -99.6      0 -999.0 -999.0 -999.0 -999.0 -999.0 -999.0
    4.9  33529  -62.0  -99.7      0 -999.0 -999.0 -999.0 -999.0 -999.0 -999.0
    4.8  33629  -61.8  -99.7      0 -999.0 -999.0 -999.0 -999.0 -999.0 -999.0
    4.7  33728  -61.6  -99.8      0 -999.0 -999.0 -999.0 -999.0 -999.0 -999.0
    4.7  33828  -61.3  -99.9      0 -999.0 -999.0 -999.0 -999.0 -999.0 -999.0
    4.6  33928  -61.1  -99.9      0 -999.0 -999.0 -999.0 -999.0 -999.0 -999.0
    4.5  34028  -60.9 -100.0      0 -999.0 -999.0 -999.0 -999.0 -999.0 -999.0
    4.4  34128  -60.6 -100.1      0 -999.0 -999.0 -999.0 -999.0 -999.0 -999.0
    4.4  34228  -60.4 -100.2      0 -999.0 -999.0 -999.0 -999.0 -999.0 -999.0
    4.3  34328  -60.3 -100.2      0 -999.0 -999.0 -999.0 -999.0 -999.0 -999.0
    4.2  34428  -60.1 -100.3      0 -999.0 -999.0 -999.0 -999.0 -999.0 -999.0
    4.2  34527  -60.0 -100.4      0 -999.0 -999.0 -999.0 -999.0 -999.0 -999.0
    4.1  34627  -59.9 -100.4      0 -999.0 -999.0 -999.0 -999.0 -999.0 -999.0
    4.0  34727  -59.8 -100.5      0 -999.0 -999.0 -999.0 -999.0 -999.0 -999.0
    4.0  34827  -59.8 -100.6      0 -999.0 -999.0 -999.0 -999.0 -999.0 -999.0
    3.9  34927  -59.7 -100.6      0 -999.0 -999.0 -999.0 -999.0 -999.0 -999.0
    3.8  35027  -59.7 -100.7      0 -999.0 -999.0 -999.0 -999.0 -999.0 -999.0
    3.8  35127  -59.6 -100.8      0 -999.0 -999.0 -999.0 -999.0 -999.0 -999.0
    3.7  35227  -59.6 -100.8      0 -999.0 -999.0 -999.0 -999.0 -999.0 -999.0
    3.7  35327  -59.6 -100.9      0 -999.0 -999.0 -999.0 -999.0 -999.0 -999.0
    3.6  35427  -59.5 -101.0      0 -999.0 -999.0 -999.0 -999.0 -999.0 -999.0
    3.6  35527  -59.5 -101.0      0 -999.0 -999.0 -999.0 -999.0 -999.0 -999.0
    3.5  35627  -59.4 -101.1      0 -999.0 -999.0 -999.0 -999.0 -999.0 -999.0
    3.4  35727  -59.4 -101.2      0 -999.0 -999.0 -999.0 -999.0 -999.0 -999.0
    3.4  35827  -59.3 -101.2      0 -999.0 -999.0 -999.0 -999.0 -999.0 -999.0
    3.3  35927  -59.2 -101.3      0 -999.0 -999.0 -999.0 -999.0 -999.0 -999.0
    3.3  36027  -59.0 -101.4      0 -999.0 -999.0 -999.0 -999.0 -999.0 -999.0
    3.2  36127  -58.9 -101.4      0 -999.0 -999.0 -999.0 -999.0 -999.0 -999.0
    3.2  36227  -58.7 -101.5      0 -999.0 -999.0 -999.0 -999.0 -999.0 -999.0
    3.1  36327  -58.5 -101.6      0 -999.0 -999.0 -999.0 -999.0 -999.0 -999.0
    3.1  36426  -58.2 -101.6      0 -999.0 -999.0 -999.0 -999.0 -999.0 -999.0
    3.0  36526  -58.0 -101.7      0 -999.0 -999.0 -999.0 -999.0 -999.0 -999.0
    3.0  36626  -57.7 -101.8      0 -999.0 -999.0 -999.0 -999.0 -999.0 -999.0
    2.9  36726  -57.4 -101.8      0 -999.0 -999.0 -999.0 -999.0 -999.0 -999.0
    2.9  36826  -57.1 -101.9      0 -999.0 -999.0 -999.0 -999.0 -999.0 -999.0
    2.8  36926  -56.8 -101.9      0 -999.0 -999.0 -999.0 -999.0 -999.0 -999.0
    2.8  37025  -56.5 -102.0      0 -999.0 -999.0 -999.0 -999.0 -999.0 -999.0
    2.8  37125  -56.2 -102.0      0 -999.0 -999.0 -999.0 -999.0 -999.0 -999.0
    2.7  37225  -55.9 -102.0      0 -999.0 -999.0 -999.0 -999.0 -999.0 -999.0
    2.7  37325  -55.6 -102.1      0 -999.0 -999.0 -999.0 -999.0 -999.0 -999.0
    2.6  37425  -55.3 -102.1      0 -999.0 -999.0 -999.0 -999.0 -999.0 -999.0
    2.6  37525  -55.0 -102.2      0 -999.0 -999.0 -999.0 -999.0 -999.0 -999.0
    2.6  37624  -54.8 -102.2      0 -999.0 -999.0 -999.0 -999.0 -999.0 -999.0
    2.5  37724  -54.5 -102.3      0 -999.0 -999.0 -999.0 -999.0 -999.0 -999.0
    2.5  37824  -54.2 -102.3      0 -999.0 -999.0 -999.0 -999.0 -999.0 -999.0
    2.4  37924  -54.0 -102.4      0 -999.0 -999.0 -999.0 -999.0 -999.0 -999.0
    2.4  38024  -53.7 -102.4      0 -999.0 -999.0 -999.0 -999.0 -999.0 -999.0
    2.4  38124  -53.5 -102.5      0 -999.0 -999.0 -999.0 -999.0 -999.0 -999.0
    2.3  38224  -53.3 -102.5      0 -999.0 -999.0 -999.0 -999.0 -999.0 -999.0
    2.3  38323  -53.1 -102.6      0 -999.0 -999.0 -999.0 -999.0 -999.0 -999.0
    2.3  38423  -52.9 -102.6      0 -999.0 -999.0 -999.0 -999.0 -999.0 -999.0
    2.2  38523  -52.8 -102.7      0 -999.0 -999.0 -999.0 -999.0 -999.0 -999.0
    2.2  38623  -52.7 -102.7      0 -999.0 -999.0 -999.0 -999.0 -999.0 -999.0
    2.2  38723  -52.7 -102.7      0 -999.0 -999.0 -999.0 -999.0 -999.0 -999.0
    2.1  38823  -52.6 -102.8      0 -999.0 -999.0 -999.0 -999.0 -999.0 -999.0
    2.1  38923  -52.6 -102.8      0 -999.0 -999.0 -999.0 -999.0 -999.0 -999.0
    2.1  39023  -52.5 -102.9      0 -999.0 -999.0 -999.0 -999.0 -999.0 -999.0
    2.0  39123  -52.4 -102.9      0 -999.0 -999.0 -999.0 -999.0 -999.0 -999.0
    2.0  39223  -52.4 -103.0      0 -999.0 -999.0 -999.0 -999.0 -999.0 -999.0
    2.0  39323  -52.2 -103.0      0 -999.0 -999.0 -999.0 -999.0 -999.0 -999.0
    1.9  39423  -52.0 -103.0      0 -999.0 -999.0 -999.0 -999.0 -999.0 -999.0
    1.9  39523  -51.8 -103.0      0 -999.0 -999.0 -999.0 -999.0 -999.0 -999.0
    1.9  39623  -51.6 -103.0      0 -999.0 -999.0 -999.0 -999.0 -999.0 -999.0
    1.9  39722  -51.3 -103.1      0 -999.0 -999.0 -999.0 -999.0 -999.0 -999.0
    1.8  39822  -51.0 -103.1      0 -999.0 -999.0 -999.0 -999.0 -999.0 -999.0
    1.8  39922  -50.6 -103.1      0 -999.0 -999.0 -999.0 -999.0 -999.0 -999.0
</PRE><H3>Station information and sounding indices</H3><PRE>
                         Station identifier: G02
                             Station number: 99999
                           Observation time: 090109/0925
                           Station latitude: 63.60
                          Station longitude: -140.59
                          Station elevation: 0.0
</PRE>