Stn_# Station                  Stn_Freq    Time_Offset    Stn_Lon    Ref_Lon
    0 DATSAV3   :723445:KFYV     60         180            -94.17     -50.00
    1 MOCAWS    :Cardwell        60         180            -90.32     -50.00
    2 ASOSH     :FYV             60         180            -94.17     -50.00
    3 DATSAV3   :722636:KDHT     60         240           -102.55     -50.00
    4 DATSAV3   :723564:KRVS     60         180            -95.98     -50.00
    5 ASOSH     :RVS             60         180            -95.98     -50.00
    6 NPN       :VCIO2           60         180            -99.22     -50.00
    7 DATSAV3   :723406:KARG     60         180            -90.92     -50.00
    8 ASOSH     :SWO             60         180            -97.09     -50.00
    9 DATSAV3   :723545:KSWO     60         180            -97.08     -50.00
   10 DATSAV3   :723443:KSLG     60         180            -94.48     -50.00
   11 ASOSH     :TUL             60         180            -95.89     -50.00
   12 DATSAV3   :723560:KTUL     60         180            -95.90     -50.00
   13 DATSAV3   :723446:KHRO     60         180            -93.15     -50.00
   14 ASOSH     :GAG             60         180            -99.78     -50.00
   15 DATSAV3   :723527:KGAG     60         180            -99.77     -50.00
   16 DATSAV3   :723447:KFLP     60         180            -92.47     -50.00
   17 DATSAV3   :723535:KEND     60         180            -97.92     -50.00
   18 MOCAWS    :Glennonville    60         180            -90.08     -50.00
   19 DATSAV3   :723444:KVBT     60         180            -94.22     -50.00
   20 DATSAV3   :723449:KROG     60         180            -94.10     -50.00
   21 DATSAV3   :723439:KBPK     60         180            -92.47     -50.00
   22 ASOSH     :BPK             60         180            -92.47     -50.00
   23 DATSAV3   :723536:KWDG     60         180            -97.78     -50.00
   24 ASOSH     :CAO             60         240           -103.15     -50.00
   25 DATSAV3   :723663:KSKX     60         240           -105.67     -50.00
   26 DATSAV3   :723600:KCAO     60         240           -103.15     -50.00
   27 NPN       :LMNO2           60         180            -97.48     -50.00
   28 DATSAV3   :723546:KPNC     60         180            -97.10     -50.00
   29 DATSAV3   :723658:KFMN     60         240           -108.23     -50.00
   30 ASOSH     :BVO             60         180            -96.01     -50.00
   31 DATSAV3   :723565:KBVO     60         180            -96.02     -50.00
   32 DATSAV3   :723300:KPOF     60         180            -90.47     -50.00
   33 NPN       :AZCN            60         240           -107.91     -50.00
   34 DATSAV3   :723710:KPGA     60         240           -111.45     -50.00
   35 DATSAV3   :724604:KEHA     60         180           -101.90     -50.00
   36 DATSAV3   :724516:KLBL     60         180           -100.97     -50.00
   37 DATSAV3   :724754:KSGU     60         240           -113.60     -50.00
   38 ASOSH     :CFV             60         180            -95.57     -50.00
   39 DATSAV3   :724519:KCFV     60         180            -95.57     -50.00
   40 DATSAV3   :724625:KDRO     60         240           -107.75     -50.00
   41 DATSAV3   :723495:KJLN     60         180            -94.50     -50.00
   42 ASOSH     :DRO             60         240           -107.75     -50.00
   43 ASOSH     :JLN             60         180            -94.50     -50.00
   44 DATSAV3   :724400:KSGF     60         180            -93.38     -50.00
   45 ASOSH     :SGF             60         180            -93.39     -50.00
   46 DATSAV3   :724645:KTAD     60         240           -104.33     -50.00
   47 DATSAV3   :724646:KSPD     60         240           -102.62     -50.00
   48 HPLAINS   :A058799         60         180           -102.20     -50.00
   49 DATSAV3   :724767:KCEZ     60         240           -108.63     -50.00
   50 DATSAV3   :724520:KP28     60         180            -98.58     -50.00
   51 DATSAV3   :724502:KWLD     60         180            -97.00     -50.00
   52 ASOSH     :CEZ             60         240           -108.63     -50.00
   53 ASOSH     :PPF             60         180            -95.51     -50.00
   54 HPLAINS   :A146249         60         180            -95.28     -50.00
   55 NPN       :NDSK1           60         180            -95.63     -50.00
   56 ASOSH     :ALS             60         240           -105.87     -50.00
   57 DATSAV3   :724620:KALS     60         240           -105.87     -50.00
   58 MOCAWS    :Lamar           60         180            -94.32     -50.00
   59 NPN       :CNWM            60         180            -92.70     -50.00
   60 DATSAV3   :724870:KP38     60         240           -114.52     -50.00
   61 DATSAV3   :724723:K4BL     60         240           -109.47     -50.00
   62 DATSAV3   :724505:KIAB     60         180            -97.27     -50.00
   63 DATSAV3   :724500:KICT     60         180            -97.43     -50.00
   64 ASOSH     :ICT             60         180            -97.43     -50.00
   65 NPN       :HVLK1           60         180            -99.09     -50.00
   66 DATSAV3   :724507:KCNU     60         180            -95.48     -50.00
   67 ASOSH     :CNU             60         180            -95.49     -50.00
   68 DATSAV3   :724755:KCDC     60         240           -113.10     -50.00
   69 DATSAV3   :724457:KTBN     60         180            -92.13     -50.00
   70 ASOSH     :AAO             60         180            -97.22     -50.00
   71 ASOSH     :DDC             60         180            -99.97     -50.00
   72 DATSAV3   :724510:KDDC     60         180            -99.97     -50.00
   73 DATSAV3   :724454:KFAM     60         180            -90.43     -50.00
   74 NPN       :GDAC2           60         180           -102.18     -50.00
   75 MOCAWS    :Wurdack Farm    60         180            -91.43     -50.00
   76 HPLAINS   :A148839         60         180            -97.50     -50.00
   77 ASOSH     :GCK             60         180           -100.72     -50.00
   78 HPLAINS   :A147169         60         180            -98.77     -50.00
   79 HPLAINS   :A143939         60         180            -98.03     -50.00
   80 DATSAV3   :724515:KGCK     60         180           -100.72     -50.00
   81 HPLAINS   :A142979         60         180           -100.82     -50.00
   82 DATSAV3   :724635:KLHX     60         240           -103.52     -50.00
   83 DATSAV3   :724509:KEWK     60         180            -97.28     -50.00
   84 ASOSH     :LHX             60         240           -103.51     -50.00
   85 ASOSH     :HUT             60         180            -97.86     -50.00
   86 DATSAV3   :724636:KLAA     60         240           -102.68     -50.00
   87 DATSAV3   :724506:KHUT     60         180            -97.87     -50.00
   88 ASOSH     :LAA             60         240           -102.69     -50.00
   89 DATSAV3   :724459:KAIZ     60         180            -92.55     -50.00
   90 ASOSH     :VIH             60         180            -91.77     -50.00
   91 HPLAINS   :A143599         60         180            -97.40     -50.00
   92 DATSAV3   :724456:KVIH     60         180            -91.77     -50.00
   93 DATSAV3   :724640:KPUB     60         240           -104.52     -50.00
   94 ASOSH     :PUB             60         240           -104.50     -50.00
   95 NPN       :HBRK1           60         180            -97.30     -50.00
   96 ASOSH     :EMP             60         180            -96.19     -50.00
   97 DATSAV3   :724556:KEMP     60         180            -96.18     -50.00
   98 DATSAV3   :724797:KMLF     60         240           -113.00     -50.00
   99 DATSAV3   :724517:KGBD     60         180            -98.87     -50.00
  100 DATSAV3   :724735:K4HV     60         240           -110.72     -50.00
  101 ASOSH     :MLF             60         240           -113.01     -50.00
  102 HPLAINS   :A147239         60         180           -101.77     -50.00
  103 DATSAV3   :724765:KMTJ     60         240           -107.90     -50.00
  104 ASOSH     :MTJ             60         240           -107.89     -50.00
  105 DATSAV3   :724677:KGUC     60         240           -106.93     -50.00
  106 DATSAV3   :725314:KCPS     60         180            -90.15     -50.00
  107 ASOSH     :CPS             60         180            -90.16     -50.00
  108 DATSAV3   :724458:KJEF     60         180            -92.15     -50.00
  109 ASOSH     :JEF             60         180            -92.16     -50.00
  110 HPLAINS   :A146139         60         180            -95.28     -50.00
  111 DATSAV3   :724345:KSUS     60         180            -90.65     -50.00
  112 DATSAV3   :724453:KDMO     60         180            -93.18     -50.00
  113 ASOSH     :DMO             60         180            -93.18     -50.00
  114 DATSAV3   :724467:KSZL     60         180            -93.55     -50.00
  115 ASOSH     :STL             60         180            -90.36     -50.00
  116 DATSAV3   :724776:KCNY     60         240           -109.75     -50.00
  117 DATSAV3   :724340:KSTL     60         180            -90.37     -50.00
  118 ASOSH     :SLN             60         180            -97.65     -50.00
  119 DATSAV3   :724586:KSLN     60         180            -97.65     -50.00
  120 ASOSH     :COS             60         240           -104.70     -50.00
  121 DATSAV3   :724660:KCOS     60         240           -104.72     -50.00
  122 DATSAV3   :724450:KCOU     60         180            -92.22     -50.00
  123 ASOSH     :COU             60         180            -92.22     -50.00
  124 ASOSH     :IXD             60         180            -94.89     -50.00
  125 DATSAV3   :724475:KIXD     60         180            -94.88     -50.00
  126 ASOSH     :GVW             60         180            -94.56     -50.00
  127 ASOSH     :OJC             60         180            -94.74     -50.00
  128 DATSAV3   :724518:KHYS     60         180            -99.27     -50.00
  129 DATSAV3   :724468:KOJC     60         180            -94.73     -50.00
  130 DATSAV3   :724466:KGVW     60         180            -94.55     -50.00
  131 DATSAV3   :724585:KRSL     60         180            -98.82     -50.00
  132 HPLAINS   :A143529         60         180            -99.33     -50.00
  133 ASOSH     :RSL             60         180            -98.81     -50.00
  134 DATSAV3   :724395:KALN     60         180            -90.05     -50.00
  135 MOCAWS    :South Farms     60         180            -92.28     -50.00
  136 MOCAWS    :Sanborn Field   60         180            -92.31     -50.00
  137 DATSAV3   :724565:KFOE     60         180            -95.67     -50.00
  138 ASOSH     :FOE             60         180            -95.66     -50.00
  139 HPLAINS   :A142099         60         180            -94.93     -50.00
  140 DATSAV3   :724508:KLWC     60         180            -95.22     -50.00
  141 ASOSH     :LWC             60         180            -95.22     -50.00
  142 HPLAINS   :A147399         60         180            -95.70     -50.00
  143 DATSAV3   :724560:KTOP     60         180            -95.62     -50.00
  144 ASOSH     :TOP             60         180            -95.62     -50.00
  145 MOCAWS    :Auxvasse        60         180            -92.00     -50.00
  146 DATSAV3   :724463:KMKC     60         180            -94.60     -50.00
  147 HPLAINS   :A147019         60         180            -95.92     -50.00
  148 ASOSH     :GJT             60         240           -108.53     -50.00
  149 DATSAV3   :724760:KGJT     60         240           -108.53     -50.00
  150 DATSAV3   :724555:KMHK     60         180            -96.67     -50.00
  151 HPLAINS   :A144959         60         180            -96.58     -50.00
  152 DATSAV3   :724676:KASE     60         240           -106.87     -50.00
  153 DATSAV3   :724673:KLXV     60         240           -106.32     -50.00
  154 DATSAV3   :724689:KITR     60         180           -102.27     -50.00
  155 DATSAV3   :724665:KLIC     60         240           -103.67     -50.00
  156 ASOSH     :LIC             60         240           -103.67     -50.00
  157 DATSAV3   :724860:KELY     60         240           -114.85     -50.00
  158 ASOSH     :RIL             60         180            -96.93     -50.00
  159 ASOSH     :MCI             60         180            -94.71     -50.00
  160 ASOSH     :ELY             60         240           -114.84     -50.00
  161 HPLAINS   :A058019         60         240           -102.52     -50.00
  162 DATSAV3   :724460:KMCI     60         180            -94.72     -50.00
  163 DATSAV3   :724795:KU24     60         240           -112.58     -50.00
  164 DATSAV3   :724650:KGLD     60         180           -101.70     -50.00
  165 ASOSH     :GLD             60         180           -101.70     -50.00
  166 ASOSH     :HLC             60         180            -99.83     -50.00
  167 HPLAINS   :A141689         60         180           -101.07     -50.00
  168 DATSAV3   :724655:KHLC     60         180            -99.83     -50.00
  169 MOCAWS    :Brunswick       60         180            -93.20     -50.00
  170 DATSAV3   :725717:KRIL     60         240           -107.72     -50.00
  171 ASOSH     :CNK             60         180            -97.65     -50.00
  172 DATSAV3   :724580:KCNK     60         180            -97.65     -50.00
  173 DATSAV3   :724666:KAPA     60         240           -104.85     -50.00
  174 NPN       :LTHM            60         180            -94.19     -50.00
  175 DATSAV3   :724700:KPUC     60         240           -110.75     -50.00
  176 DATSAV3   :724675:KEGE     60         240           -106.92     -50.00
  177 NPN       :WNCI            60         180            -90.48     -50.00
  178 DATSAV3   :724695:KBKF     60         240           -104.75     -50.00
  179 DATSAV3   :724490:KSTJ     60         180            -94.92     -50.00
  180 HPLAINS   :A237439         60         180            -94.92     -50.00
  181 MOCAWS    :St Joseph       60         180            -94.80     -50.00
  182 ASOSH     :STJ             60         180            -94.91     -50.00
  183 HPLAINS   :A147259         60         180            -97.78     -50.00
  184 MOCAWS    :Cameron         60         180            -94.31     -50.00
  185 HPLAINS   :A146539         60         180            -95.80     -50.00
  186 DATSAV3   :724464:KCDJ     60         180            -93.57     -50.00
  187 ASOSH     :DEN             60         240           -104.67     -50.00
  188 DATSAV3   :725650:KDEN     60         240           -104.67     -50.00
  189 MOCAWS    :Linneus         60         180            -93.15     -50.00
  190 DATSAV3   :724699:KBJC     60         240           -105.12     -50.00
  191 DATSAV3   :724396:KUIN     60         180            -91.20     -50.00
  192 MOCAWS    :Novelty         60         180            -92.35     -50.00
  193 ASOSH     :EEO             60         240           -107.89     -50.00
  194 HPLAINS   :A257079         60         180            -98.28     -50.00
  195 DATSAV3   :725533:KFNB     60         180            -95.60     -50.00
  196 NPN       :RWDN            60         180           -100.65     -50.00
  197 NPN       :FBYN            60         180            -97.34     -50.00
  198 DATSAV3   :724455:KIRK     60         180            -92.55     -50.00
  199 HPLAINS   :A050119         60         240           -103.15     -50.00
  200 DATSAV3   :724698:KAKO     60         240           -103.22     -50.00
  201 DATSAV3   :725625:KMCK     60         180           -100.58     -50.00
  202 ASOSH     :MCK             60         180           -100.59     -50.00
  203 DATSAV3   :725724:KPVU     60         240           -111.72     -50.00
  204 HPLAINS   :A255319         60         180           -100.58     -50.00
  205 MOCAWS    :Albany          60         180            -94.35     -50.00
  206 HPLAINS   :A250629         60         180            -96.93     -50.00
  207 DATSAV3   :725515:KBIE     60         180            -96.75     -50.00
  208 MOCAWS    :Corning         60         180            -95.48     -50.00
  209 HPLAINS   :A253919         60         180            -99.37     -50.00
  210 HPLAINS   :A251599         60         180           -101.72     -50.00
  211 DATSAV3   :725705:KVEL     60         240           -109.52     -50.00
  212 DATSAV3   :724768:KGXY     60         240           -104.63     -50.00
  213 ASOSH     :VEL             60         240           -109.51     -50.00
  214 DATSAV3   :724769:KFNL     60         240           -105.02     -50.00
  215 DATSAV3   :725456:KEOK     60         180            -91.43     -50.00
  216 HPLAINS   :A057959         60         240           -103.02     -50.00
  217 HPLAINS   :A237229         60         180            -95.48     -50.00
  218 DATSAV3   :725715:KHDN     60         240           -107.22     -50.00
  219 ASOSH     :CAG             60         240           -107.52     -50.00
  220 DATSAV3   :725700:KCAG     60         240           -107.53     -50.00
  221 HPLAINS   :A253929         60         180            -99.35     -50.00
  222 NRCS/SMST :NUNN            60         240           -104.44     -50.00
  223 HPLAINS   :A255569         60         180            -99.05     -50.00
  224 HPLAINS   :A257899         60         180            -98.13     -50.00
  225 HPLAINS   :A258109         60         180            -99.67     -50.00
  226 DATSAV3   :725525:KHSI     60         180            -98.43     -50.00
  227 ASOSH     :HSI             60         180            -98.43     -50.00
  228 DATSAV3   :725499:KLWD     60         180            -93.95     -50.00
  229 HPLAINS   :A252109         60         180           -100.50     -50.00
  230 ASOSH     :LWD             60         180            -93.90     -50.00
  231 DATSAV3   :725479:KICL     60         180            -95.03     -50.00
  232 HPLAINS   :A254339         60         180            -99.02     -50.00
  233 HPLAINS   :A257779         60         180            -98.75     -50.00
  234 DATSAV3   :725810:KENV     60         240           -114.03     -50.00
  235 DATSAV3   :725526:KEAR     60         180            -99.00     -50.00
  236 HPLAINS   :A254769         60         180            -96.67     -50.00
  237 HPLAINS   :A254669         60         180            -99.73     -50.00
  238 HPLAINS   :A254719         60         180            -96.68     -50.00
  239 HPLAINS   :A254749         60         180            -96.65     -50.00
  240 HPLAINS   :A254729         60         180            -96.60     -50.00
  241 DATSAV3   :725720:KSLC     60         240           -111.97     -50.00
  242 DATSAV3   :725455:KBRL     60         180            -91.13     -50.00
  243 ASOSH     :BRL             60         180            -91.13     -50.00
  244 HPLAINS   :A254759         60         180            -96.70     -50.00
  245 HPLAINS   :A254809         60         180            -96.65     -50.00
  246 DATSAV3   :725510:KLNK     60         180            -96.75     -50.00
  247 HPLAINS   :A254699         60         180            -96.60     -50.00
  248 HPLAINS   :A259519         60         180            -97.62     -50.00
  249 HPLAINS   :A254739         60         180            -96.73     -50.00
  250 HPLAINS   :A253409         60         180            -98.50     -50.00
  251 DATSAV3   :725513:KAUH     60         180            -98.00     -50.00
  252 HPLAINS   :A252319         60         180           -100.97     -50.00
  253 DATSAV3   :725520:KGRI     60         180            -98.32     -50.00
  254 ASOSH     :GRI             60         180            -98.31     -50.00
  255 HPLAINS   :A131559         60         180            -93.43     -50.00
  256 DATSAV3   :725494:KRDK     60         180            -95.27     -50.00
  257 DATSAV3   :725474:KCSQ     60         180            -94.37     -50.00
  258 DATSAV3   :725469:KCNC     60         180            -93.37     -50.00
  259 DATSAV3   :726498:KFFL     60         180            -91.98     -50.00
  260 HPLAINS   :A256079         60         180           -100.77     -50.00
  261 DATSAV3   :725610:KSNY     60         240           -102.98     -50.00
  262 DATSAV3   :725465:KOTM     60         180            -92.45     -50.00
  263 ASOSH     :SNY             60         240           -102.99     -50.00
  264 DATSAV3   :725755:KHIF     60         240           -111.97     -50.00
  265 DATSAV3   :725540:KOFF     60         180            -95.92     -50.00
  266 ASOSH     :LBF             60         180           -100.69     -50.00
  267 DATSAV3   :725620:KLBF     60         180           -100.68     -50.00
  268 DATSAV3   :725640:KCYS     60         240           -104.82     -50.00
  269 HPLAINS   :A251569         60         180            -97.97     -50.00
  270 HPLAINS   :A255368         60         180            -96.47     -50.00
  271 DATSAV3   :725750:KOGD     60         240           -112.02     -50.00
  272 HPLAINS   :A251549         60         180           -101.63     -50.00
  273 HPLAINS   :A131909         60         180            -91.48     -50.00
  274 HPLAINS   :A257839         60         240           -103.02     -50.00
  275 HPLAINS   :A255369         60         180            -96.58     -50.00
  276 DATSAV3   :725497:KCBF     60         180            -95.77     -50.00
  277 ASOSH     :EVW             60         240           -111.03     -50.00
  278 DATSAV3   :725775:KEVW     60         240           -111.03     -50.00
  279 DATSAV3   :725454:KAWG     60         180            -91.67     -50.00
  280 DATSAV3   :725500:KOMA     60         180            -95.90     -50.00
  281 DATSAV3   :725493:KOXV     60         180            -93.12     -50.00
  282 DATSAV3   :725645:KLAR     60         240           -105.67     -50.00
  283 DATSAV3   :725487:KMUT     60         180            -91.15     -50.00
  284 HPLAINS   :A255367         60         180            -96.50     -50.00
  285 HPLAINS   :A255649         60         180            -97.57     -50.00
  286 DATSAV3   :725555:KBBW     60         180            -99.65     -50.00
  287 ASOSH     :MLI             60         180            -90.51     -50.00
  288 DATSAV3   :725565:KOLU     60         180            -97.33     -50.00
  289 DATSAV3   :725564:KFET     60         180            -96.52     -50.00
  290 DATSAV3   :725440:KMLI     60         180            -90.52     -50.00
  291 HPLAINS   :A250259         60         180           -101.85     -50.00
  292 DATSAV3   :725460:KDSM     60         180            -93.65     -50.00
  293 ASOSH     :DSM             60         180            -93.66     -50.00
  294 DATSAV3   :725744:KRKS     60         240           -109.07     -50.00
  295 ASOSH     :DVN             60         180            -90.59     -50.00
  296 DATSAV3   :725524:KODX     60         180            -98.95     -50.00
  297 DATSAV3   :725349:KDVN     60         180            -90.58     -50.00
  298 HPLAINS   :A256339         60         180            -98.93     -50.00
  299 DATSAV3   :725462:KIOW     60         180            -91.55     -50.00
  300 ASOSH     :IOW             60         180            -91.55     -50.00
  301 HPLAINS   :A250369         60         180           -101.52     -50.00
  302 DATSAV3   :725464:KTNU     60         180            -93.02     -50.00
  303 ASOSH     :TQE             60         180            -96.18     -50.00
  304 DATSAV3   :725527:KTQE     60         180            -96.17     -50.00
  305 DATSAV3   :724796:KLGU     60         240           -111.85     -50.00
  306 ASOSH     :LGU             60         240           -111.85     -50.00
  307 DATSAV3   :725745:KRWL     60         240           -107.20     -50.00
  308 DATSAV3   :725473:KCWI     60         180            -90.33     -50.00
  309 HPLAINS   :A259209         60         180            -96.73     -50.00
  310 DATSAV3   :725660:KBFF     60         240           -103.60     -50.00
  311 ASOSH     :BFF             60         240           -103.60     -50.00
  312 HPLAINS   :A257679         60         240           -103.67     -50.00
  313 DATSAV3   :725450:KCID     60         180            -91.72     -50.00
  314 ASOSH     :CID             60         180            -91.71     -50.00
  315 HPLAINS   :A253549         60         180           -100.15     -50.00
  316 NPN       :SLAI            60         180            -93.70     -50.00
  317 NPN       :MBWW            60         240           -106.19     -50.00
  318 HPLAINS   :A255599         60         240           -103.70     -50.00
  319 HPLAINS   :A252599         60         180            -98.18     -50.00
  320 DATSAV3   :725560:KOFK     60         180            -97.43     -50.00
  321 DATSAV3   :725477:KDNS     60         180            -95.38     -50.00
  322 ASOSH     :OFK             60         180            -97.43     -50.00
  323 ASOSH     :AMW             60         180            -93.62     -50.00
  324 DATSAV3   :725472:KAMW     60         180            -93.62     -50.00
  325 HPLAINS   :A250138         60         240           -103.13     -50.00
  326 HPLAINS   :A130209         60         180            -93.75     -50.00
  327 HPLAINS   :A488999         60         240           -104.18     -50.00
  328 HPLAINS   :A130219         60         180            -93.75     -50.00
  329 NRCS/SMST :TORRINGTON      60         240           -104.09     -50.00
  330 DATSAV3   :725635:KAIA     60         240           -102.80     -50.00
  331 DATSAV3   :725468:KCIN     60         180            -94.78     -50.00
  332 DATSAV3   :725486:KBNW     60         180            -93.85     -50.00
  333 ASOSH     :AIA             60         240           -102.80     -50.00
  334 HPLAINS   :A253479         60         180           -101.43     -50.00
  335 HPLAINS   :A131299         60         180            -95.83     -50.00
  336 DATSAV3   :725461:KMIW     60         180            -92.92     -50.00
  337 ASOSH     :MIW             60         180            -92.92     -50.00
  338 DATSAV3   :725786:KMLD     60         240           -112.30     -50.00
  339 HPLAINS   :A250148         60         240           -102.92     -50.00
  340 DATSAV3   :725475:KMXO     60         180            -91.17     -50.00
  341 HPLAINS   :A256019         60         180            -96.95     -50.00
  342 DATSAV3   :725570:KSUX     60         180            -96.38     -50.00
  343 DATSAV3   :725470:KDBQ     60         180            -90.70     -50.00
  344 ASOSH     :SUX             60         180            -96.38     -50.00
  345 ASOSH     :DBQ             60         180            -90.71     -50.00
  346 DATSAV3   :725478:KEBS     60         180            -93.87     -50.00
  347 DATSAV3   :725566:KONL     60         180            -98.68     -50.00
  348 HPLAINS   :A256299         60         180            -98.75     -50.00
  349 DATSAV3   :725866:KTWF     60         240           -114.48     -50.00
  350 DATSAV3   :725867:KBYI     60         240           -113.77     -50.00
  351 HPLAINS   :A250059         60         180            -99.82     -50.00
  352 DATSAV3   :725490:KFOD     60         180            -94.18     -50.00
  353 DATSAV3   :725480:KALO     60         180            -92.40     -50.00
  354 ASOSH     :ALO             60         180            -92.40     -50.00
  355 DATSAV3   :726710:KBPI     60         240           -110.10     -50.00
  356 DATSAV3   :725556:KANW     60         180           -100.00     -50.00
  357 ASOSH     :BPI             60         240           -110.11     -50.00
  358 DATSAV3   :725488:KOLZ     60         180            -91.97     -50.00
  359 HPLAINS   :A133259         60         180            -94.42     -50.00
  360 DATSAV3   :726816:KJER     60         240           -114.45     -50.00
  361 ASOSH     :JER             60         240           -114.46     -50.00
  362 HPLAINS   :A253359         60         180           -102.17     -50.00
  363 DATSAV3   :725458:KCAV     60         180            -93.77     -50.00
  364 DATSAV3   :725686:KDGW     60         240           -105.37     -50.00
  365 DATSAV3   :725484:KLRJ     60         180            -96.20     -50.00
  366 ASOSH     :DGW             60         240           -105.39     -50.00
  367 DATSAV3   :725760:KLND     60         240           -108.73     -50.00
  368 DATSAV3   :725636:KCDR     60         240           -103.10     -50.00
  369 ASOSH     :VTN             60         180           -100.55     -50.00
  370 DATSAV3   :725670:KVTN     60         180           -100.55     -50.00
  371 DATSAV3   :726507:KMRJ     60         180            -90.23     -50.00
  372 DATSAV3   :725690:KCPR     60         240           -106.47     -50.00
  373 NPN       :MRRN            60         180           -101.69     -50.00
  374 ASOSH     :CPR             60         240           -106.46     -50.00
  375 ASOSH     :PIH             60         240           -112.60     -50.00
  376 DATSAV3   :725780:KPIH     60         240           -112.57     -50.00
  377 DATSAV3   :726525:KYKN     60         180            -97.38     -50.00
  378 HPLAINS   :A135879         60         180            -92.53     -50.00
  379 DATSAV3   :726517:KIEN     60         240           -102.52     -50.00
  380 ASOSH     :RIW             60         240           -108.46     -50.00
  381 DATSAV3   :725765:KRIW     60         240           -108.47     -50.00
  382 HPLAINS   :A390669         60         180            -96.93     -50.00
  383 DATSAV3   :725457:KAXA     60         180            -94.27     -50.00
  384 DATSAV3   :725485:KMCW     60         180            -93.33     -50.00
  385 ASOSH     :OVS             60         180            -90.68     -50.00
  386 ASOSH     :SPW             60         180            -95.20     -50.00
  387 DATSAV3   :726500:KSPW     60         180            -95.15     -50.00
  388 DATSAV3   :725495:KSHL     60         180            -95.83     -50.00
  389 NPN       :BLRW            60         180            -90.53     -50.00
  390 DATSAV3   :725476:KDEH     60         180            -91.73     -50.00
  391 DATSAV3   :726518:KSFD     60         180            -99.83     -50.00
  392 ASOSH     :SFD             60         180            -99.84     -50.00
  393 DATSAV3   :726499:KEST     60         180            -94.75     -50.00
  394 ASOSH     :EST             60         180            -94.75     -50.00
  395 DATSAV3   :725865:KSUN     60         240           -114.30     -50.00
  396 ASOSH     :IDA             60         240           -112.07     -50.00
  397 DATSAV3   :725785:KIDA     60         240           -112.07     -50.00
  398 ASOSH     :FSD             60         180            -96.74     -50.00
  399 DATSAV3   :726510:KFSD     60         180            -96.75     -50.00
  400 DATSAV3   :725776:KJAC     60         240           -110.73     -50.00
  401 DATSAV3   :726587:KOTG     60         180            -95.58     -50.00
  402 DATSAV3   :726593:KMJQ     60         180            -94.98     -50.00
  403 DATSAV3   :726586:KFRM     60         180            -94.42     -50.00
  404 DATSAV3   :727566:KAUM     60         180            -92.93     -50.00
  405 DATSAV3   :726589:KAEL     60         180            -93.37     -50.00
  406 ASOSH     :CUT             60         240           -103.63     -50.00
  407 ASOSH     :9V9             60         180            -99.32     -50.00
  408 DATSAV3   :726545:KMHE     60         180            -98.03     -50.00
  409 HPLAINS   :A391619         60         180            -99.33     -50.00
  410 DATSAV3   :726530:K9V9     60         180            -99.32     -50.00
  411 DATSAV3   :726818:KRXE     60         240           -111.78     -50.00
  412 ASOSH     :RXE             60         240           -111.81     -50.00
  413 DATSAV3   :726430:KLSE     60         180            -91.25     -50.00
  414 ASOSH     :RST             60         180            -92.50     -50.00
  415 DATSAV3   :727506:KMWM     60         180            -95.12     -50.00
  416 DATSAV3   :726440:KRST     60         180            -92.50     -50.00
  417 DATSAV3   :726665:KWRL     60         240           -107.95     -50.00
  418 HPLAINS   :A391979         60         180           -101.87     -50.00
  419 DATSAV3   :726566:KPQN     60         180            -96.32     -50.00
  420 DATSAV3   :726554:KJYG     60         180            -94.55     -50.00
  421 HPLAINS   :A396959         60         240           -103.00     -50.00
  422 ASOSH     :RAP             60         240           -103.06     -50.00
  423 ASOSH     :PHP             60         180           -101.60     -50.00
  424 DATSAV3   :726516:KPHP     60         180           -101.60     -50.00
  425 DATSAV3   :726620:KRAP     60         240           -103.05     -50.00
  426 DATSAV3   :726588:KONA     60         180            -91.70     -50.00
  427 DATSAV3   :726568:KOWA     60         180            -93.25     -50.00
  428 DATSAV3   :726625:KRCA     60         240           -103.10     -50.00
  429 DATSAV3   :726824:KSNT     60         240           -114.92     -50.00
  430 DATSAV3   :726585:KMKT     60         180            -93.92     -50.00
  431 HPLAINS   :A396599         60         180           -100.00     -50.00
  432 DATSAV3   :726515:KBKX     60         180            -96.82     -50.00
  433 DATSAV3   :726567:KULM     60         180            -94.50     -50.00
  434 HPLAINS   :A391079         60         180            -96.77     -50.00
  435 DATSAV3   :726563:KFBL     60         180            -93.32     -50.00
  436 ASOSH     :GCC             60         240           -105.54     -50.00
  437 DATSAV3   :726650:KGCC     60         240           -105.53     -50.00
  438 DATSAV3   :726654:KBYG     60         240           -106.72     -50.00
  439 ASOSH     :BYG             60         240           -106.72     -50.00
  440 DATSAV3   :726686:KPIR     60         180           -100.28     -50.00
  441 DATSAV3   :726540:KHON     60         180            -98.22     -50.00
  442 ASOSH     :HON             60         180            -98.23     -50.00
  443 DATSAV3   :726559:KMML     60         180            -95.82     -50.00
  444 ASOSH     :GEY             60         240           -108.08     -50.00
  445 DATSAV3   :726700:KCOD     60         240           -109.02     -50.00
  446 DATSAV3   :726664:KP60     60         240           -110.42     -50.00
  447 DATSAV3   :726556:KRWF     60         180            -95.08     -50.00
  448 DATSAV3   :726564:KRGK     60         180            -92.48     -50.00
  449 DATSAV3   :726574:KMFI     60         180            -90.18     -50.00
  450 ASOSH     :MFI             60         180            -90.19     -50.00
  451 DATSAV3   :726763:KWEY     60         240           -111.10     -50.00
  452 NPN       :WDLM5           60         180            -95.45     -50.00
  453 HPLAINS   :A396079         60         240           -103.57     -50.00
  454 DATSAV3   :726660:KSHR     60         240           -106.97     -50.00
  455 ASOSH     :SHR             60         240           -106.98     -50.00
  456 DATSAV3   :726579:KFCM     60         180            -93.45     -50.00
  457 DATSAV3   :726603:KSGS     60         180            -93.15     -50.00
  458 DATSAV3   :726569:KHCD     60         180            -94.38     -50.00
  459 DATSAV3   :726435:KEAU     60         180            -91.48     -50.00
  460 HPLAINS   :A397049         60         180            -98.38     -50.00
  461 ASOSH     :MSP             60         180            -93.22     -50.00
  462 DATSAV3   :726580:KMSP     60         180            -93.22     -50.00
  463 DATSAV3   :726546:KATY     60         180            -97.15     -50.00
  464 HPLAINS   :A398939         60         180            -97.15     -50.00
  465 ASOSH     :STP             60         180            -93.06     -50.00
  466 DATSAV3   :726584:KSTP     60         180            -93.07     -50.00
  467 DATSAV3   :727466:KDXX     60         180            -96.17     -50.00
  468 DATSAV3   :726553:KMVE     60         180            -95.72     -50.00
  469 HPLAINS   :A393229         60         180           -100.28     -50.00
  470 DATSAV3   :726539:KD07     60         180           -102.02     -50.00
  471 ASOSH     :D07             60         180           -102.02     -50.00
  472 DATSAV3   :726575:KMIC     60         180            -93.35     -50.00
  473 DATSAV3   :726417:KMDZ     60         180            -90.28     -50.00
  474 DATSAV3   :726865:KSMN     60         240           -113.88     -50.00
  475 DATSAV3   :726576:KILL     60         180            -95.08     -50.00
  476 DATSAV3   :726577:KANE     60         180            -93.22     -50.00
  477 AgriMet   :RBYM            60         240           -112.11     -50.00
  478 DATSAV3   :726796:KDLN     60         240           -112.55     -50.00
  479 NRCS/SMST :CRESCENT LAKE   60         180            -93.57     -50.00
  480 ASOSH     :DLN             60         240           -112.55     -50.00
  481 DATSAV3   :727515:KVVV     60         180            -96.42     -50.00
  482 DATSAV3   :727507:KBBB     60         180            -95.65     -50.00
  483 DATSAV3   :726418:KOEO     60         180            -92.67     -50.00
  484 AgriMet   :DLNM            60         240           -112.51     -50.00
  485 ASOSH     :ABR             60         180            -98.42     -50.00
  486 DATSAV3   :726590:KABR     60         180            -98.43     -50.00
  487 DATSAV3   :726467:KRPD     60         180            -91.72     -50.00
  488 DATSAV3   :726685:KMBG     60         180           -100.43     -50.00
  489 ASOSH     :STC             60         180            -94.06     -50.00
  490 ASOSH     :MBG             60         180           -100.41     -50.00
  491 DATSAV3   :726550:KSTC     60         180            -94.07     -50.00
  492 DATSAV3   :726682:KPNM     60         180            -93.60     -50.00
  493 DATSAV3   :726627:K2WX     60         240           -103.52     -50.00
  494 DATSAV3   :726565:KMOX     60         180            -95.97     -50.00
  495 DATSAV3   :727503:KCBG     60         180            -93.27     -50.00
  496 ASOSH     :2WX             60         240           -103.55     -50.00
  497 DATSAV3   :726547:KGHW     60         180            -95.32     -50.00
  498 DATSAV3   :727533:KETH     60         180            -96.50     -50.00
  499 DATSAV3   :726468:KPBH     60         180            -90.40     -50.00
  500 DATSAV3   :726797:KBZN     60         240           -111.15     -50.00
  501 DATSAV3   :726770:KBIL     60         240           -108.53     -50.00
  502 ASOSH     :BIL             60         240           -108.54     -50.00
  503 ASOSH     :AXN             60         180            -95.39     -50.00
  504 DATSAV3   :726557:KAXN     60         180            -95.40     -50.00
  505 DATSAV3   :727475:KJMR     60         180            -93.27     -50.00
  506 DATSAV3   :726695:KY22     60         180           -102.17     -50.00
  507 DATSAV3   :726785:KBTM     60         240           -112.50     -50.00
  508 DATSAV3   :726578:KLXL     60         180            -94.35     -50.00
  509 HPLAINS   :A324187         60         240           -102.50     -50.00
  510 ASOSH     :HEI             60         240           -102.66     -50.00
  511 DATSAV3   :727584:KHEI     60         240           -102.65     -50.00
  512 ASOSH     :HYR             60         180            -91.44     -50.00
  513 DATSAV3   :726508:KHYR     60         180            -91.45     -50.00
  514 HPLAINS   :A326629         60         180            -98.10     -50.00
  515 DATSAV3   :727534:KP67     60         180            -97.15     -50.00
  516 AgriMet   :TOSM            60         240           -111.48     -50.00
  517 HPLAINS   :A320999         60         240           -103.47     -50.00
  518 DATSAV3   :727473:KCDD     60         180            -92.57     -50.00
  519 HPLAINS   :A329709         60         180            -97.08     -50.00
  520 DATSAV3   :726560:KFFM     60         180            -96.15     -50.00
  521 HPLAINS   :A325229         60         180           -100.27     -50.00
  522 HPLAINS   :A322489         60         180            -98.77     -50.00
  523 DATSAV3   :726777:KBHK     60         240           -104.25     -50.00
  524 ASOSH     :BHK             60         240           -104.26     -50.00
  525 DATSAV3   :727514:KSAZ     60         180            -94.78     -50.00
  526 DATSAV3   :726555:KBRD     60         180            -94.13     -50.00
  527 HPLAINS   :A325759         60         180            -97.40     -50.00
  528 DATSAV3   :726775:K3HT     60         240           -109.83     -50.00
  529 NRCS/SMST :MANDAN          60         180           -100.54     -50.00
  530 DATSAV3   :727445:KIWD     60         180            -90.13     -50.00
  531 DATSAV3   :727504:KAIT     60         180            -93.68     -50.00
  532 DATSAV3   :727720:KHLN     60         240           -112.00     -50.00
  533 ASOSH     :HLN             60         240           -111.98     -50.00
  534 DATSAV3   :726427:KSUW     60         180            -92.08     -50.00
  535 AgriMet   :HVMT            60         240           -111.98     -50.00
  536 DATSAV3   :726558:KCOQ     60         180            -92.50     -50.00
  537 DATSAV3   :727508:KPWC     60         180            -94.37     -50.00
  538 HPLAINS   :A324299         60         180            -96.90     -50.00
  539 HPLAINS   :A328367         60         180            -99.47     -50.00
  540 DATSAV3   :727640:KBIS     60         180           -100.75     -50.00
  541 DATSAV3   :727456:KDYT     60         180            -92.08     -50.00
  542 AgriMet   :BRTM            60         240           -105.30     -50.00
  543 HPLAINS   :A320599         60         240           -103.97     -50.00
  544 DATSAV3   :727645:KDIK     60         240           -102.80     -50.00
  545 DATSAV3   :727457:KDTL     60         180            -95.88     -50.00
  546 DATSAV3   :727450:KDLH     60         180            -92.18     -50.00
  547 HPLAINS   :A325219         60         180            -98.93     -50.00
  548 HPLAINS   :A322189         60         240           -102.80     -50.00
  549 HPLAINS   :A320829         60         180           -100.62     -50.00
  550 HPLAINS   :A322858         60         180            -96.80     -50.00
  551 DATSAV3   :727530:KFAR     60         180            -96.80     -50.00
  552 DATSAV3   :727453:KPKD     60         180            -95.07     -50.00
  553 ASOSH     :PKD             60         180            -95.07     -50.00
  554 ASOSH     :MSO             60         240           -114.09     -50.00
  555 DATSAV3   :727730:KMSO     60         240           -114.08     -50.00
  556 ASOSH     :FAR             60         180            -96.82     -50.00
  557 DATSAV3   :727535:KJMS     60         180            -98.68     -50.00
  558 AgriMet   :BRGM            60         240           -104.80     -50.00
  559 HPLAINS   :A327359         60         180            -97.12     -50.00
  560 DATSAV3   :726776:KLWT     60         240           -109.47     -50.00
  561 DATSAV3   :727444:KTWM     60         180            -91.75     -50.00
  562 HPLAINS   :A216419         60         180            -96.52     -50.00
  563 DATSAV3   :726676:KGDV     60         240           -104.80     -50.00
  564 HPLAINS   :A327589         60         180            -99.80     -50.00
  565 HPLAINS   :A321999         60         180            -98.17     -50.00
  566 HPLAINS   :A323359         60         180            -97.43     -50.00
  567 DATSAV3   :727556:KBFW     60         180            -91.40     -50.00
  568 DATSAV3   :727458:KGPZ     60         180            -93.52     -50.00
  569 HPLAINS   :A324019         60         180           -101.68     -50.00
  570 DATSAV3   :727684:KJDN     60         240           -106.93     -50.00
  571 DATSAV3   :727455:KHIB     60         180            -92.83     -50.00
  572 HPLAINS   :A324209         60         180            -97.07     -50.00
  573 DATSAV3   :727474:KEVM     60         180            -92.50     -50.00
  574 DATSAV3   :727760:****     60         240           -111.38     -50.00
  575 DATSAV3   :727750:KGTF     60         240           -111.37     -50.00
  576 HPLAINS   :A321369         60         180            -99.12     -50.00
  577 HPLAINS   :A325679         60         180            -97.25     -50.00
  578 DATSAV3   :727550:KBJI     60         180            -94.93     -50.00
  579 AgriMet   :BOMT            60         240           -112.25     -50.00
  580 HPLAINS   :A328849         60         180           -100.90     -50.00
  581 DATSAV3   :727505:KFSE     60         180            -95.77     -50.00
  582 ASOSH     :N60             60         180           -101.44     -50.00
  583 DATSAV3   :727677:KN60     60         180           -101.43     -50.00
  584 AgriMet   :GFMT            60         240           -111.81     -50.00
  585 HPLAINS   :A325749         60         180            -98.60     -50.00
  586 DATSAV3   :727687:KSDY     60         240           -104.20     -50.00
  587 HPLAINS   :A247569         60         240           -104.15     -50.00
  588 HPLAINS   :A324009         60         180            -99.92     -50.00
  589 HPLAINS   :A326499         60         180            -97.60     -50.00
  590 DATSAV3   :727468:KFOZ     60         180            -93.65     -50.00
  591 HPLAINS   :A329249         60         240           -103.28     -50.00
  592 HPLAINS   :A211549         60         180            -96.85     -50.00
  593 DATSAV3   :726549:KCQM     60         180            -92.70     -50.00
  594 DATSAV3   :727459:KELO     60         180            -91.83     -50.00
  595 DATSAV3   :727469:KGNA     60         180            -90.37     -50.00
  596 HPLAINS   :A247579         60         240           -104.23     -50.00
  597 DATSAV3   :727454:KCKC     60         180            -90.38     -50.00
  598 HPLAINS   :A323619         60         180            -97.08     -50.00
  599 DATSAV3   :727452:KCKN     60         180            -96.62     -50.00
  600 DATSAV3   :727576:KGFK     60         180            -97.18     -50.00
  601 DATSAV3   :727575:KRDR     60         180            -97.40     -50.00
  602 DATSAV3   :726544:KORB     60         180            -92.87     -50.00
  603 DATSAV3   :727555:KTVF     60         180            -96.18     -50.00
  604 ASOSH     :OLF             60         240           -105.57     -50.00
  605 DATSAV3   :727686:KOLF     60         240           -105.58     -50.00
  606 DATSAV3   :727573:KDVL     60         180            -98.92     -50.00
  607 HPLAINS   :A329439         60         240           -103.73     -50.00
  608 HPLAINS   :A218649         60         180            -96.80     -50.00
  609 AgriMet   :GLGM            60         240           -106.61     -50.00
  610 DATSAV3   :727670:KISN     60         240           -103.60     -50.00
  611 HPLAINS   :A320509         60         180            -99.65     -50.00
  612 HPLAINS   :A325999         60         180           -101.30     -50.00
  613 ASOSH     :GGW             60         240           -106.61     -50.00
  614 DATSAV3   :727680:KGGW     60         240           -106.62     -50.00
  615 NRCS/SMST :FORT ASSINIBOIN 60         240           -109.48     -50.00
  616 DATSAV3   :727790:KFCA     60         240           -114.27     -50.00
  617 HPLAINS   :A323109         60         180            -97.60     -50.00
  618 ASOSH     :FCA             60         240           -114.25     -50.00
  619 HPLAINS   :A328799         60         180           -100.47     -50.00
  620 AgriMet   :MATM            60         240           -107.78     -50.00
  621 DATSAV3   :727675:KMIB     60         180           -101.35     -50.00
  622 HPLAINS   :A218019         60         180            -96.77     -50.00
  623 HPLAINS   :A321289         60         180            -99.20     -50.00
  624 AgriMet   :HRLM            60         240           -108.83     -50.00
  625 DATSAV3   :727770:KHVR     60         240           -109.77     -50.00
  626 ASOSH     :INL             60         180            -93.40     -50.00
  627 DATSAV3   :727470:KINL     60         180            -93.38     -50.00
  628 DATSAV3   :727796:KCTB     60         240           -112.37     -50.00
  629 HPLAINS   :A328269         60         180            -97.48     -50.00
  630 AgriMet   :BFAM            60         240           -112.59     -50.00
  631 ASOSH     :BDE             60         180            -94.61     -50.00
  632 DATSAV3   :727476:KBDE     60         180            -94.62     -50.00
  633 HPLAINS   :A324959         60         180            -98.33     -50.00
  634 HPLAINS   :A321709         60         240           -102.75     -50.00
  635 HPLAINS   :A326029         60         180           -101.53     -50.00
  636 HPLAINS   :A321439         60         180            -97.75     -50.00
  637 DATSAV3   :727478:KHCO     60         180            -96.95     -50.00
  638 HPLAINS   :A320949         60         180           -100.75     -50.00
  639 DATSAV3   :727477:KROX     60         180            -95.70     -50.00
  640 HPLAINS   :A327249         60         180            -99.57     -50.00
  641 HPLAINS   :A213879         60         180            -97.08     -50.00
  642 HPLAINS   :A329159         60         180            -97.85     -50.00
  643 DATSAV3   :727467:KFGN     60         180            -94.90     -50.00
  644 DATSAV3   :725621:KOGA     60         180           -101.77     -50.00
  645 DATSAV3   :726798:KLVM     60         240           -110.45     -50.00
  646 ASOSH     :BZN             60         240           -111.15     -50.00
  647 ASOSH     :OMA             60         180            -95.89     -50.00
  648 ASOSH     :MIC             60         180            -93.35     -50.00
  649 DATSAV3   :727676:KMOT     60         180           -101.28     -50.00
  650 DATSAV3   :724773:KU28     60         240           -110.17     -50.00
  651 ASOSH     :GTF             60         240           -111.37     -50.00
  652 ASOSH     :HVR             60         240           -109.76     -50.00
  653 DATSAV3   :725628:KHDE     60         180            -99.33     -50.00
  654 ASOSH     :LNK             60         180            -96.76     -50.00
  655 DATSAV3   :724845:K9BB     60         240           -114.97     -50.00
  656 ASOSH     :ASX             60         180            -90.92     -50.00
  657 ASOSH     :MHK             60         180            -96.67     -50.00
  658 ASOSH     :PGA             60         240           -111.45     -50.00
  659 ASOSH     :ISN             60         240           -103.64     -50.00
  660 DATSAV3   :726416:KLNR     60         180            -90.18     -50.00
  661 DATSAV3   :724550:KFRI     60         180            -96.77     -50.00
  662 DATSAV3   :726436:KVOK     60         180            -90.27     -50.00
  663 DATSAV3   :723675:KE33     60         240           -106.58     -50.00
  664 DATSAV3   :724725:KT62     60         240           -112.30     -50.00
  665 DATSAV3   :725463:KCCY     60         180            -92.62     -50.00
  666 DATSAV3   :724680:KFCS     60         240           -104.77     -50.00
  667 DATSAV3   :725467:KSDA     60         180            -95.42     -50.00
  668 DATSAV3   :725453:KAIO     60         180            -95.05     -50.00
  669 DATSAV3   :725498:KADU     60         180            -94.92     -50.00
  670 DATSAV3   :725868:KU78     60         240           -111.58     -50.00
  671 DATSAV3   :726606:KEFC     60         240           -103.87     -50.00
  672 DATSAV3   :727735:K3DU     60         240           -113.15     -50.00
  673 DATSAV3   :723434:KASG     60         180            -94.12     -50.00
  674 DATSAV3   :725483:KFSW     60         180            -91.33     -50.00
  675 ASOSH     :UNO             60         180            -91.90     -50.00
  676 DATSAV3   :725626:KIML     60         180           -101.62     -50.00
  677 ASOSH     :CYS             60         240           -104.81     -50.00
  678 DATSAV3   :725489:KORC     60         180            -96.07     -50.00
  679 AgriMet   :BOZM            60         240           -111.15     -50.00
  680 NPN       :PLTC2           60         240           -104.72     -50.00
  681 DATSAV3   :726774:KHMM     60         240           -114.15     -50.00
  682 DATSAV3   :725496:KSLB     60         180            -95.23     -50.00
  683 ASOSH     :ATY             60         180            -97.15     -50.00
  684 DATSAV3   :724756:KBCE     60         240           -112.15     -50.00
  685 DATSAV3   :725869:K77M     60         240           -113.33     -50.00
  686 NPN       :NLGN            60         180            -97.79     -50.00
  687 ASOSH     :TOR             60         240           -104.15     -50.00
  688 DATSAV3   :726583:KLJF     60         180            -94.50     -50.00
  689 ASOSH     :IEN             60         240           -102.51     -50.00
  690 WYDOT_RWIS:PKV             60         240           -105.47     -50.00
  691 WYDOT_RWIS:VDW             60         240           -105.40     -50.00
  692 WYDOT_RWIS:EVE             60         240           -110.77     -50.00
  693 WYDOT_RWIS:ARL             60         240           -106.21     -50.00
  694 WYDOT_RWIS:BTR             60         240           -108.58     -50.00
  695 WYDOT_RWIS:CDV             60         240           -107.70     -50.00
  696 WYDOT_RWIS:BOR             60         240           -104.94     -50.00
  697 WYDOT_RWIS:PFD             60         240           -106.85     -50.00
  698 WYDOT_RWIS:BVR             60         240           -108.29     -50.00
  699 WYDOT_RWIS:DER             60         240           -105.86     -50.00
  700 WYDOT_RWIS:HLD             60         240           -107.32     -50.00
  701 WYDOT_RWIS:CPN             60         240           -106.34     -50.00
  702 WYDOT_RWIS:BLF             60         240           -105.45     -50.00
  703 WYDOT_RWIS:KCN             60         240           -106.65     -50.00
  704 WYDOT_RWIS:DHS             60         240           -106.10     -50.00
  705 WYDOT_RWIS:CDS             60         240           -108.87     -50.00
  706 WYDOT_RWIS:SDN             60         240           -104.63     -50.00
  707 WYDOT_RWIS:PNY             60         240           -106.82     -50.00
  708 WYDOT_RWIS:WTK             60         240           -104.87     -50.00
  709 WYDOT_RWIS:GRV             60         240           -109.46     -50.00
  710 WYDOT_RWIS:SBL             60         240           -105.04     -50.00
  711 ASOSH     :AKO             60         240           -103.22     -50.00
  712 ASOSH     :BRD             60         180            -94.14     -50.00
