2000202	0000	225998	/JOSS/DATA/RAW/SATELLITE/GOES/G10/1KM/2000/2000202/g10.2000202.0000
2000202	0030	72277	/JOSS/DATA/RAW/SATELLITE/GOES/G10/1KM/2000/2000202/g10.2000202.0030
2000202	0041	11875	/JOSS/DATA/RAW/SATELLITE/GOES/G10/1KM/2000/2000202/g10.2000202.0041
2000202	0046	44856	/JOSS/DATA/RAW/SATELLITE/GOES/G10/1KM/2000/2000202/g10.2000202.0046
2000202	0053	11875	/JOSS/DATA/RAW/SATELLITE/GOES/G10/1KM/2000/2000202/g10.2000202.0053
2000202	0100	72277	/JOSS/DATA/RAW/SATELLITE/GOES/G10/1KM/2000/2000202/g10.2000202.0100
2000202	0111	11875	/JOSS/DATA/RAW/SATELLITE/GOES/G10/1KM/2000/2000202/g10.2000202.0111
2000202	0116	44856	/JOSS/DATA/RAW/SATELLITE/GOES/G10/1KM/2000/2000202/g10.2000202.0116
2000202	0123	11875	/JOSS/DATA/RAW/SATELLITE/GOES/G10/1KM/2000/2000202/g10.2000202.0123
2000202	0126	22050	/JOSS/DATA/RAW/SATELLITE/GOES/G10/1KM/2000/2000202/g10.2000202.0126
2000202	0130	72277	/JOSS/DATA/RAW/SATELLITE/GOES/G10/1KM/2000/2000202/g10.2000202.0130
2000202	0141	11875	/JOSS/DATA/RAW/SATELLITE/GOES/G10/1KM/2000/2000202/g10.2000202.0141
2000202	0146	44856	/JOSS/DATA/RAW/SATELLITE/GOES/G10/1KM/2000/2000202/g10.2000202.0146
2000202	0153	11875	/JOSS/DATA/RAW/SATELLITE/GOES/G10/1KM/2000/2000202/g10.2000202.0153
2000202	0200	72277	/JOSS/DATA/RAW/SATELLITE/GOES/G10/1KM/2000/2000202/g10.2000202.0200
2000202	0211	11875	/JOSS/DATA/RAW/SATELLITE/GOES/G10/1KM/2000/2000202/g10.2000202.0211
2000202	0216	44856	/JOSS/DATA/RAW/SATELLITE/GOES/G10/1KM/2000/2000202/g10.2000202.0216
2000202	0223	11875	/JOSS/DATA/RAW/SATELLITE/GOES/G10/1KM/2000/2000202/g10.2000202.0223
2000202	0226	22050	/JOSS/DATA/RAW/SATELLITE/GOES/G10/1KM/2000/2000202/g10.2000202.0226
2000202	0230	72277	/JOSS/DATA/RAW/SATELLITE/GOES/G10/1KM/2000/2000202/g10.2000202.0230
2000202	0241	11875	/JOSS/DATA/RAW/SATELLITE/GOES/G10/1KM/2000/2000202/g10.2000202.0241
2000202	0246	44856	/JOSS/DATA/RAW/SATELLITE/GOES/G10/1KM/2000/2000202/g10.2000202.0246
2000202	0253	11875	/JOSS/DATA/RAW/SATELLITE/GOES/G10/1KM/2000/2000202/g10.2000202.0253
2000202	0300	225998	/JOSS/DATA/RAW/SATELLITE/GOES/G10/1KM/2000/2000202/g10.2000202.0300
2000202	0330	72277	/JOSS/DATA/RAW/SATELLITE/GOES/G10/1KM/2000/2000202/g10.2000202.0330
2000202	0400	72277	/JOSS/DATA/RAW/SATELLITE/GOES/G10/1KM/2000/2000202/g10.2000202.0400
2000202	0415	44856	/JOSS/DATA/RAW/SATELLITE/GOES/G10/1KM/2000/2000202/g10.2000202.0415
2000202	0422	46929	/JOSS/DATA/RAW/SATELLITE/GOES/G10/1KM/2000/2000202/g10.2000202.0422
2000202	0430	72277	/JOSS/DATA/RAW/SATELLITE/GOES/G10/1KM/2000/2000202/g10.2000202.0430
2000202	0445	44856	/JOSS/DATA/RAW/SATELLITE/GOES/G10/1KM/2000/2000202/g10.2000202.0445
2000202	0452	46929	/JOSS/DATA/RAW/SATELLITE/GOES/G10/1KM/2000/2000202/g10.2000202.0452
2000202	0500	72277	/JOSS/DATA/RAW/SATELLITE/GOES/G10/1KM/2000/2000202/g10.2000202.0500
2000202	0515	44856	/JOSS/DATA/RAW/SATELLITE/GOES/G10/1KM/2000/2000202/g10.2000202.0515
2000202	0522	46929	/JOSS/DATA/RAW/SATELLITE/GOES/G10/1KM/2000/2000202/g10.2000202.0522
2000202	0530	72277	/JOSS/DATA/RAW/SATELLITE/GOES/G10/1KM/2000/2000202/g10.2000202.0530
2000202	0545	44856	/JOSS/DATA/RAW/SATELLITE/GOES/G10/1KM/2000/2000202/g10.2000202.0545
2000202	0552	46929	/JOSS/DATA/RAW/SATELLITE/GOES/G10/1KM/2000/2000202/g10.2000202.0552
2000202	0600	225998	/JOSS/DATA/RAW/SATELLITE/GOES/G10/1KM/2000/2000202/g10.2000202.0600
2000202	0630	72277	/JOSS/DATA/RAW/SATELLITE/GOES/G10/1KM/2000/2000202/g10.2000202.0630
2000202	0645	44856	/JOSS/DATA/RAW/SATELLITE/GOES/G10/1KM/2000/2000202/g10.2000202.0645
2000202	0652	46929	/JOSS/DATA/RAW/SATELLITE/GOES/G10/1KM/2000/2000202/g10.2000202.0652
2000202	0700	72277	/JOSS/DATA/RAW/SATELLITE/GOES/G10/1KM/2000/2000202/g10.2000202.0700
2000202	0715	44856	/JOSS/DATA/RAW/SATELLITE/GOES/G10/1KM/2000/2000202/g10.2000202.0715
2000202	0722	46929	/JOSS/DATA/RAW/SATELLITE/GOES/G10/1KM/2000/2000202/g10.2000202.0722
2000202	0730	72277	/JOSS/DATA/RAW/SATELLITE/GOES/G10/1KM/2000/2000202/g10.2000202.0730
2000202	0745	44856	/JOSS/DATA/RAW/SATELLITE/GOES/G10/1KM/2000/2000202/g10.2000202.0745
2000202	0752	46929	/JOSS/DATA/RAW/SATELLITE/GOES/G10/1KM/2000/2000202/g10.2000202.0752
2000202	0800	72277	/JOSS/DATA/RAW/SATELLITE/GOES/G10/1KM/2000/2000202/g10.2000202.0800
2000202	0815	44856	/JOSS/DATA/RAW/SATELLITE/GOES/G10/1KM/2000/2000202/g10.2000202.0815
2000202	0822	46929	/JOSS/DATA/RAW/SATELLITE/GOES/G10/1KM/2000/2000202/g10.2000202.0822
2000202	0830	72277	/JOSS/DATA/RAW/SATELLITE/GOES/G10/1KM/2000/2000202/g10.2000202.0830
2000202	0845	44856	/JOSS/DATA/RAW/SATELLITE/GOES/G10/1KM/2000/2000202/g10.2000202.0845
2000202	0852	46929	/JOSS/DATA/RAW/SATELLITE/GOES/G10/1KM/2000/2000202/g10.2000202.0852
2000202	0900	225998	/JOSS/DATA/RAW/SATELLITE/GOES/G10/1KM/2000/2000202/g10.2000202.0900
2000202	0930	72277	/JOSS/DATA/RAW/SATELLITE/GOES/G10/1KM/2000/2000202/g10.2000202.0930
2000202	1001	72277	/JOSS/DATA/RAW/SATELLITE/GOES/G10/1KM/2000/2000202/g10.2000202.1001
2000202	1015	44856	/JOSS/DATA/RAW/SATELLITE/GOES/G10/1KM/2000/2000202/g10.2000202.1015
2000202	1022	46929	/JOSS/DATA/RAW/SATELLITE/GOES/G10/1KM/2000/2000202/g10.2000202.1022
2000202	1030	72277	/JOSS/DATA/RAW/SATELLITE/GOES/G10/1KM/2000/2000202/g10.2000202.1030
2000202	1045	44856	/JOSS/DATA/RAW/SATELLITE/GOES/G10/1KM/2000/2000202/g10.2000202.1045
2000202	1052	46929	/JOSS/DATA/RAW/SATELLITE/GOES/G10/1KM/2000/2000202/g10.2000202.1052
2000202	1100	72277	/JOSS/DATA/RAW/SATELLITE/GOES/G10/1KM/2000/2000202/g10.2000202.1100
2000202	1115	44856	/JOSS/DATA/RAW/SATELLITE/GOES/G10/1KM/2000/2000202/g10.2000202.1115
2000202	1122	46929	/JOSS/DATA/RAW/SATELLITE/GOES/G10/1KM/2000/2000202/g10.2000202.1122
2000202	1130	72277	/JOSS/DATA/RAW/SATELLITE/GOES/G10/1KM/2000/2000202/g10.2000202.1130
2000202	1145	44856	/JOSS/DATA/RAW/SATELLITE/GOES/G10/1KM/2000/2000202/g10.2000202.1145
2000202	1152	46929	/JOSS/DATA/RAW/SATELLITE/GOES/G10/1KM/2000/2000202/g10.2000202.1152
2000202	1200	225998	/JOSS/DATA/RAW/SATELLITE/GOES/G10/1KM/2000/2000202/g10.2000202.1200
2000202	1230	72277	/JOSS/DATA/RAW/SATELLITE/GOES/G10/1KM/2000/2000202/g10.2000202.1230
2000202	1245	44856	/JOSS/DATA/RAW/SATELLITE/GOES/G10/1KM/2000/2000202/g10.2000202.1245
2000202	1252	46929	/JOSS/DATA/RAW/SATELLITE/GOES/G10/1KM/2000/2000202/g10.2000202.1252
2000202	1300	72277	/JOSS/DATA/RAW/SATELLITE/GOES/G10/1KM/2000/2000202/g10.2000202.1300
2000202	1315	44856	/JOSS/DATA/RAW/SATELLITE/GOES/G10/1KM/2000/2000202/g10.2000202.1315
2000202	1323	46929	/JOSS/DATA/RAW/SATELLITE/GOES/G10/1KM/2000/2000202/g10.2000202.1323
2000202	1330	72277	/JOSS/DATA/RAW/SATELLITE/GOES/G10/1KM/2000/2000202/g10.2000202.1330
2000202	1345	44856	/JOSS/DATA/RAW/SATELLITE/GOES/G10/1KM/2000/2000202/g10.2000202.1345
2000202	1352	46929	/JOSS/DATA/RAW/SATELLITE/GOES/G10/1KM/2000/2000202/g10.2000202.1352
2000202	1400	72277	/JOSS/DATA/RAW/SATELLITE/GOES/G10/1KM/2000/2000202/g10.2000202.1400
2000202	1415	44856	/JOSS/DATA/RAW/SATELLITE/GOES/G10/1KM/2000/2000202/g10.2000202.1415
2000202	1422	46929	/JOSS/DATA/RAW/SATELLITE/GOES/G10/1KM/2000/2000202/g10.2000202.1422
2000202	1430	72277	/JOSS/DATA/RAW/SATELLITE/GOES/G10/1KM/2000/2000202/g10.2000202.1430
2000202	1445	44856	/JOSS/DATA/RAW/SATELLITE/GOES/G10/1KM/2000/2000202/g10.2000202.1445
2000202	1452	46929	/JOSS/DATA/RAW/SATELLITE/GOES/G10/1KM/2000/2000202/g10.2000202.1452
2000202	1500	225998	/JOSS/DATA/RAW/SATELLITE/GOES/G10/1KM/2000/2000202/g10.2000202.1500
2000202	1530	72277	/JOSS/DATA/RAW/SATELLITE/GOES/G10/1KM/2000/2000202/g10.2000202.1530
2000202	1601	72277	/JOSS/DATA/RAW/SATELLITE/GOES/G10/1KM/2000/2000202/g10.2000202.1601
2000202	1615	44856	/JOSS/DATA/RAW/SATELLITE/GOES/G10/1KM/2000/2000202/g10.2000202.1615
2000202	1622	46929	/JOSS/DATA/RAW/SATELLITE/GOES/G10/1KM/2000/2000202/g10.2000202.1622
2000202	1630	72277	/JOSS/DATA/RAW/SATELLITE/GOES/G10/1KM/2000/2000202/g10.2000202.1630
2000202	1645	44856	/JOSS/DATA/RAW/SATELLITE/GOES/G10/1KM/2000/2000202/g10.2000202.1645
2000202	1652	46929	/JOSS/DATA/RAW/SATELLITE/GOES/G10/1KM/2000/2000202/g10.2000202.1652
2000202	1700	72277	/JOSS/DATA/RAW/SATELLITE/GOES/G10/1KM/2000/2000202/g10.2000202.1700
2000202	1715	44856	/JOSS/DATA/RAW/SATELLITE/GOES/G10/1KM/2000/2000202/g10.2000202.1715
2000202	1722	46929	/JOSS/DATA/RAW/SATELLITE/GOES/G10/1KM/2000/2000202/g10.2000202.1722
2000202	1730	72277	/JOSS/DATA/RAW/SATELLITE/GOES/G10/1KM/2000/2000202/g10.2000202.1730
2000202	1745	44856	/JOSS/DATA/RAW/SATELLITE/GOES/G10/1KM/2000/2000202/g10.2000202.1745
2000202	1752	46929	/JOSS/DATA/RAW/SATELLITE/GOES/G10/1KM/2000/2000202/g10.2000202.1752
2000202	1800	225998	/JOSS/DATA/RAW/SATELLITE/GOES/G10/1KM/2000/2000202/g10.2000202.1800
2000202	1830	72277	/JOSS/DATA/RAW/SATELLITE/GOES/G10/1KM/2000/2000202/g10.2000202.1830
2000202	1845	44856	/JOSS/DATA/RAW/SATELLITE/GOES/G10/1KM/2000/2000202/g10.2000202.1845
2000202	1852	46929	/JOSS/DATA/RAW/SATELLITE/GOES/G10/1KM/2000/2000202/g10.2000202.1852
2000202	1900	72277	/JOSS/DATA/RAW/SATELLITE/GOES/G10/1KM/2000/2000202/g10.2000202.1900
2000202	1915	44856	/JOSS/DATA/RAW/SATELLITE/GOES/G10/1KM/2000/2000202/g10.2000202.1915
2000202	1923	46929	/JOSS/DATA/RAW/SATELLITE/GOES/G10/1KM/2000/2000202/g10.2000202.1923
2000202	1930	72277	/JOSS/DATA/RAW/SATELLITE/GOES/G10/1KM/2000/2000202/g10.2000202.1930
2000202	1945	44856	/JOSS/DATA/RAW/SATELLITE/GOES/G10/1KM/2000/2000202/g10.2000202.1945
2000202	1952	46929	/JOSS/DATA/RAW/SATELLITE/GOES/G10/1KM/2000/2000202/g10.2000202.1952
2000202	2000	72277	/JOSS/DATA/RAW/SATELLITE/GOES/G10/1KM/2000/2000202/g10.2000202.2000
2000202	2011	11875	/JOSS/DATA/RAW/SATELLITE/GOES/G10/1KM/2000/2000202/g10.2000202.2011
2000202	2016	44856	/JOSS/DATA/RAW/SATELLITE/GOES/G10/1KM/2000/2000202/g10.2000202.2016
2000202	2023	11875	/JOSS/DATA/RAW/SATELLITE/GOES/G10/1KM/2000/2000202/g10.2000202.2023
2000202	2026	22050	/JOSS/DATA/RAW/SATELLITE/GOES/G10/1KM/2000/2000202/g10.2000202.2026
2000202	2030	72277	/JOSS/DATA/RAW/SATELLITE/GOES/G10/1KM/2000/2000202/g10.2000202.2030
2000202	2041	11875	/JOSS/DATA/RAW/SATELLITE/GOES/G10/1KM/2000/2000202/g10.2000202.2041
2000202	2046	44856	/JOSS/DATA/RAW/SATELLITE/GOES/G10/1KM/2000/2000202/g10.2000202.2046
2000202	2053	11875	/JOSS/DATA/RAW/SATELLITE/GOES/G10/1KM/2000/2000202/g10.2000202.2053
2000202	2100	225998	/JOSS/DATA/RAW/SATELLITE/GOES/G10/1KM/2000/2000202/g10.2000202.2100
2000202	2130	72277	/JOSS/DATA/RAW/SATELLITE/GOES/G10/1KM/2000/2000202/g10.2000202.2130
2000202	2141	11875	/JOSS/DATA/RAW/SATELLITE/GOES/G10/1KM/2000/2000202/g10.2000202.2141
2000202	2200	72277	/JOSS/DATA/RAW/SATELLITE/GOES/G10/1KM/2000/2000202/g10.2000202.2200
2000202	2211	11875	/JOSS/DATA/RAW/SATELLITE/GOES/G10/1KM/2000/2000202/g10.2000202.2211
2000202	2216	44856	/JOSS/DATA/RAW/SATELLITE/GOES/G10/1KM/2000/2000202/g10.2000202.2216
2000202	2223	11875	/JOSS/DATA/RAW/SATELLITE/GOES/G10/1KM/2000/2000202/g10.2000202.2223
2000202	2226	22050	/JOSS/DATA/RAW/SATELLITE/GOES/G10/1KM/2000/2000202/g10.2000202.2226
2000202	2230	72277	/JOSS/DATA/RAW/SATELLITE/GOES/G10/1KM/2000/2000202/g10.2000202.2230
2000202	2241	11875	/JOSS/DATA/RAW/SATELLITE/GOES/G10/1KM/2000/2000202/g10.2000202.2241
2000202	2246	44856	/JOSS/DATA/RAW/SATELLITE/GOES/G10/1KM/2000/2000202/g10.2000202.2246
2000202	2253	11875	/JOSS/DATA/RAW/SATELLITE/GOES/G10/1KM/2000/2000202/g10.2000202.2253
2000202	2300	72277	/JOSS/DATA/RAW/SATELLITE/GOES/G10/1KM/2000/2000202/g10.2000202.2300
2000202	2311	11875	/JOSS/DATA/RAW/SATELLITE/GOES/G10/1KM/2000/2000202/g10.2000202.2311
2000202	2316	44856	/JOSS/DATA/RAW/SATELLITE/GOES/G10/1KM/2000/2000202/g10.2000202.2316
2000202	2323	11875	/JOSS/DATA/RAW/SATELLITE/GOES/G10/1KM/2000/2000202/g10.2000202.2323
2000202	2326	22050	/JOSS/DATA/RAW/SATELLITE/GOES/G10/1KM/2000/2000202/g10.2000202.2326
2000202	2330	72277	/JOSS/DATA/RAW/SATELLITE/GOES/G10/1KM/2000/2000202/g10.2000202.2330
2000202	2341	11875	/JOSS/DATA/RAW/SATELLITE/GOES/G10/1KM/2000/2000202/g10.2000202.2341
2000202	2346	44856	/JOSS/DATA/RAW/SATELLITE/GOES/G10/1KM/2000/2000202/g10.2000202.2346
2000202	2353	11875	/JOSS/DATA/RAW/SATELLITE/GOES/G10/1KM/2000/2000202/g10.2000202.2353
2000203	0000	225998	/JOSS/DATA/RAW/SATELLITE/GOES/G10/1KM/2000/2000203/g10.2000203.0000
2000203	0030	72277	/JOSS/DATA/RAW/SATELLITE/GOES/G10/1KM/2000/2000203/g10.2000203.0030
2000203	0041	11875	/JOSS/DATA/RAW/SATELLITE/GOES/G10/1KM/2000/2000203/g10.2000203.0041
2000203	0046	44856	/JOSS/DATA/RAW/SATELLITE/GOES/G10/1KM/2000/2000203/g10.2000203.0046
2000203	0053	11875	/JOSS/DATA/RAW/SATELLITE/GOES/G10/1KM/2000/2000203/g10.2000203.0053
2000203	0100	72277	/JOSS/DATA/RAW/SATELLITE/GOES/G10/1KM/2000/2000203/g10.2000203.0100
2000203	0111	11875	/JOSS/DATA/RAW/SATELLITE/GOES/G10/1KM/2000/2000203/g10.2000203.0111
2000203	0116	44856	/JOSS/DATA/RAW/SATELLITE/GOES/G10/1KM/2000/2000203/g10.2000203.0116
2000203	0123	11875	/JOSS/DATA/RAW/SATELLITE/GOES/G10/1KM/2000/2000203/g10.2000203.0123
2000203	0126	22050	/JOSS/DATA/RAW/SATELLITE/GOES/G10/1KM/2000/2000203/g10.2000203.0126
2000203	0130	72277	/JOSS/DATA/RAW/SATELLITE/GOES/G10/1KM/2000/2000203/g10.2000203.0130
2000203	0141	11875	/JOSS/DATA/RAW/SATELLITE/GOES/G10/1KM/2000/2000203/g10.2000203.0141
2000203	0146	44856	/JOSS/DATA/RAW/SATELLITE/GOES/G10/1KM/2000/2000203/g10.2000203.0146
2000203	0201	72277	/JOSS/DATA/RAW/SATELLITE/GOES/G10/1KM/2000/2000203/g10.2000203.0201
2000203	0211	11875	/JOSS/DATA/RAW/SATELLITE/GOES/G10/1KM/2000/2000203/g10.2000203.0211
2000203	0216	44856	/JOSS/DATA/RAW/SATELLITE/GOES/G10/1KM/2000/2000203/g10.2000203.0216
2000203	0223	11875	/JOSS/DATA/RAW/SATELLITE/GOES/G10/1KM/2000/2000203/g10.2000203.0223
2000203	0226	22050	/JOSS/DATA/RAW/SATELLITE/GOES/G10/1KM/2000/2000203/g10.2000203.0226
2000203	0230	72277	/JOSS/DATA/RAW/SATELLITE/GOES/G10/1KM/2000/2000203/g10.2000203.0230
2000203	0241	11875	/JOSS/DATA/RAW/SATELLITE/GOES/G10/1KM/2000/2000203/g10.2000203.0241
2000203	0246	44856	/JOSS/DATA/RAW/SATELLITE/GOES/G10/1KM/2000/2000203/g10.2000203.0246
2000203	0253	11875	/JOSS/DATA/RAW/SATELLITE/GOES/G10/1KM/2000/2000203/g10.2000203.0253
2000203	0300	225998	/JOSS/DATA/RAW/SATELLITE/GOES/G10/1KM/2000/2000203/g10.2000203.0300
2000203	0330	72277	/JOSS/DATA/RAW/SATELLITE/GOES/G10/1KM/2000/2000203/g10.2000203.0330
2000203	0341	11875	/JOSS/DATA/RAW/SATELLITE/GOES/G10/1KM/2000/2000203/g10.2000203.0341
2000203	0400	72277	/JOSS/DATA/RAW/SATELLITE/GOES/G10/1KM/2000/2000203/g10.2000203.0400
2000203	0415	44856	/JOSS/DATA/RAW/SATELLITE/GOES/G10/1KM/2000/2000203/g10.2000203.0415
2000203	0422	46929	/JOSS/DATA/RAW/SATELLITE/GOES/G10/1KM/2000/2000203/g10.2000203.0422
2000203	0430	72277	/JOSS/DATA/RAW/SATELLITE/GOES/G10/1KM/2000/2000203/g10.2000203.0430
2000203	0445	44856	/JOSS/DATA/RAW/SATELLITE/GOES/G10/1KM/2000/2000203/g10.2000203.0445
2000203	0452	46929	/JOSS/DATA/RAW/SATELLITE/GOES/G10/1KM/2000/2000203/g10.2000203.0452
2000203	0500	72277	/JOSS/DATA/RAW/SATELLITE/GOES/G10/1KM/2000/2000203/g10.2000203.0500
2000203	0515	44856	/JOSS/DATA/RAW/SATELLITE/GOES/G10/1KM/2000/2000203/g10.2000203.0515
2000203	0522	46929	/JOSS/DATA/RAW/SATELLITE/GOES/G10/1KM/2000/2000203/g10.2000203.0522
2000203	0530	72277	/JOSS/DATA/RAW/SATELLITE/GOES/G10/1KM/2000/2000203/g10.2000203.0530
2000203	0545	44856	/JOSS/DATA/RAW/SATELLITE/GOES/G10/1KM/2000/2000203/g10.2000203.0545
2000203	0552	46929	/JOSS/DATA/RAW/SATELLITE/GOES/G10/1KM/2000/2000203/g10.2000203.0552
2000203	0600	225998	/JOSS/DATA/RAW/SATELLITE/GOES/G10/1KM/2000/2000203/g10.2000203.0600
2000203	0630	72277	/JOSS/DATA/RAW/SATELLITE/GOES/G10/1KM/2000/2000203/g10.2000203.0630
2000203	0645	44856	/JOSS/DATA/RAW/SATELLITE/GOES/G10/1KM/2000/2000203/g10.2000203.0645
2000203	0652	46929	/JOSS/DATA/RAW/SATELLITE/GOES/G10/1KM/2000/2000203/g10.2000203.0652
2000203	0700	72277	/JOSS/DATA/RAW/SATELLITE/GOES/G10/1KM/2000/2000203/g10.2000203.0700
2000203	0715	44856	/JOSS/DATA/RAW/SATELLITE/GOES/G10/1KM/2000/2000203/g10.2000203.0715
2000203	0722	46929	/JOSS/DATA/RAW/SATELLITE/GOES/G10/1KM/2000/2000203/g10.2000203.0722
2000203	0730	72277	/JOSS/DATA/RAW/SATELLITE/GOES/G10/1KM/2000/2000203/g10.2000203.0730
2000203	0745	44856	/JOSS/DATA/RAW/SATELLITE/GOES/G10/1KM/2000/2000203/g10.2000203.0745
2000203	0752	46929	/JOSS/DATA/RAW/SATELLITE/GOES/G10/1KM/2000/2000203/g10.2000203.0752
2000203	0800	72277	/JOSS/DATA/RAW/SATELLITE/GOES/G10/1KM/2000/2000203/g10.2000203.0800
2000203	0815	44856	/JOSS/DATA/RAW/SATELLITE/GOES/G10/1KM/2000/2000203/g10.2000203.0815
2000203	0822	46929	/JOSS/DATA/RAW/SATELLITE/GOES/G10/1KM/2000/2000203/g10.2000203.0822
2000203	0830	72277	/JOSS/DATA/RAW/SATELLITE/GOES/G10/1KM/2000/2000203/g10.2000203.0830
2000203	0845	44856	/JOSS/DATA/RAW/SATELLITE/GOES/G10/1KM/2000/2000203/g10.2000203.0845
2000203	0852	46929	/JOSS/DATA/RAW/SATELLITE/GOES/G10/1KM/2000/2000203/g10.2000203.0852
2000203	0900	225998	/JOSS/DATA/RAW/SATELLITE/GOES/G10/1KM/2000/2000203/g10.2000203.0900
2000203	0930	72277	/JOSS/DATA/RAW/SATELLITE/GOES/G10/1KM/2000/2000203/g10.2000203.0930
2000203	1000	72277	/JOSS/DATA/RAW/SATELLITE/GOES/G10/1KM/2000/2000203/g10.2000203.1000
2000203	1015	44856	/JOSS/DATA/RAW/SATELLITE/GOES/G10/1KM/2000/2000203/g10.2000203.1015
2000203	1022	46929	/JOSS/DATA/RAW/SATELLITE/GOES/G10/1KM/2000/2000203/g10.2000203.1022
2000203	1030	72277	/JOSS/DATA/RAW/SATELLITE/GOES/G10/1KM/2000/2000203/g10.2000203.1030
2000203	1045	44856	/JOSS/DATA/RAW/SATELLITE/GOES/G10/1KM/2000/2000203/g10.2000203.1045
2000203	1052	46929	/JOSS/DATA/RAW/SATELLITE/GOES/G10/1KM/2000/2000203/g10.2000203.1052
2000203	1100	72277	/JOSS/DATA/RAW/SATELLITE/GOES/G10/1KM/2000/2000203/g10.2000203.1100
2000203	1115	44856	/JOSS/DATA/RAW/SATELLITE/GOES/G10/1KM/2000/2000203/g10.2000203.1115
2000203	1122	46929	/JOSS/DATA/RAW/SATELLITE/GOES/G10/1KM/2000/2000203/g10.2000203.1122
2000203	1130	72277	/JOSS/DATA/RAW/SATELLITE/GOES/G10/1KM/2000/2000203/g10.2000203.1130
2000203	1145	44856	/JOSS/DATA/RAW/SATELLITE/GOES/G10/1KM/2000/2000203/g10.2000203.1145
2000203	1152	46929	/JOSS/DATA/RAW/SATELLITE/GOES/G10/1KM/2000/2000203/g10.2000203.1152
2000203	1200	225998	/JOSS/DATA/RAW/SATELLITE/GOES/G10/1KM/2000/2000203/g10.2000203.1200
2000203	1230	72277	/JOSS/DATA/RAW/SATELLITE/GOES/G10/1KM/2000/2000203/g10.2000203.1230
2000203	1245	44856	/JOSS/DATA/RAW/SATELLITE/GOES/G10/1KM/2000/2000203/g10.2000203.1245
2000203	1252	46929	/JOSS/DATA/RAW/SATELLITE/GOES/G10/1KM/2000/2000203/g10.2000203.1252
2000203	1300	72277	/JOSS/DATA/RAW/SATELLITE/GOES/G10/1KM/2000/2000203/g10.2000203.1300
2000203	1315	44856	/JOSS/DATA/RAW/SATELLITE/GOES/G10/1KM/2000/2000203/g10.2000203.1315
2000203	1322	46929	/JOSS/DATA/RAW/SATELLITE/GOES/G10/1KM/2000/2000203/g10.2000203.1322
2000203	1330	72277	/JOSS/DATA/RAW/SATELLITE/GOES/G10/1KM/2000/2000203/g10.2000203.1330
2000203	1345	44856	/JOSS/DATA/RAW/SATELLITE/GOES/G10/1KM/2000/2000203/g10.2000203.1345
2000203	1353	46929	/JOSS/DATA/RAW/SATELLITE/GOES/G10/1KM/2000/2000203/g10.2000203.1353
2000203	1400	72277	/JOSS/DATA/RAW/SATELLITE/GOES/G10/1KM/2000/2000203/g10.2000203.1400
2000203	1415	44856	/JOSS/DATA/RAW/SATELLITE/GOES/G10/1KM/2000/2000203/g10.2000203.1415
2000203	1422	46929	/JOSS/DATA/RAW/SATELLITE/GOES/G10/1KM/2000/2000203/g10.2000203.1422
2000203	1430	72277	/JOSS/DATA/RAW/SATELLITE/GOES/G10/1KM/2000/2000203/g10.2000203.1430
2000203	1445	44856	/JOSS/DATA/RAW/SATELLITE/GOES/G10/1KM/2000/2000203/g10.2000203.1445
2000203	1452	46929	/JOSS/DATA/RAW/SATELLITE/GOES/G10/1KM/2000/2000203/g10.2000203.1452
2000203	1500	225998	/JOSS/DATA/RAW/SATELLITE/GOES/G10/1KM/2000/2000203/g10.2000203.1500
2000203	1530	72277	/JOSS/DATA/RAW/SATELLITE/GOES/G10/1KM/2000/2000203/g10.2000203.1530
2000203	1600	72277	/JOSS/DATA/RAW/SATELLITE/GOES/G10/1KM/2000/2000203/g10.2000203.1600
2000203	1615	44856	/JOSS/DATA/RAW/SATELLITE/GOES/G10/1KM/2000/2000203/g10.2000203.1615
2000203	1622	46929	/JOSS/DATA/RAW/SATELLITE/GOES/G10/1KM/2000/2000203/g10.2000203.1622
2000203	1630	72277	/JOSS/DATA/RAW/SATELLITE/GOES/G10/1KM/2000/2000203/g10.2000203.1630
2000203	1645	44856	/JOSS/DATA/RAW/SATELLITE/GOES/G10/1KM/2000/2000203/g10.2000203.1645
2000203	1652	46929	/JOSS/DATA/RAW/SATELLITE/GOES/G10/1KM/2000/2000203/g10.2000203.1652
2000203	1700	72277	/JOSS/DATA/RAW/SATELLITE/GOES/G10/1KM/2000/2000203/g10.2000203.1700
2000203	1715	44856	/JOSS/DATA/RAW/SATELLITE/GOES/G10/1KM/2000/2000203/g10.2000203.1715
2000203	1722	46929	/JOSS/DATA/RAW/SATELLITE/GOES/G10/1KM/2000/2000203/g10.2000203.1722
2000203	1730	72277	/JOSS/DATA/RAW/SATELLITE/GOES/G10/1KM/2000/2000203/g10.2000203.1730
2000203	1745	44856	/JOSS/DATA/RAW/SATELLITE/GOES/G10/1KM/2000/2000203/g10.2000203.1745
2000203	1752	46929	/JOSS/DATA/RAW/SATELLITE/GOES/G10/1KM/2000/2000203/g10.2000203.1752
2000203	1800	225998	/JOSS/DATA/RAW/SATELLITE/GOES/G10/1KM/2000/2000203/g10.2000203.1800
2000203	1830	72277	/JOSS/DATA/RAW/SATELLITE/GOES/G10/1KM/2000/2000203/g10.2000203.1830
2000203	1845	44856	/JOSS/DATA/RAW/SATELLITE/GOES/G10/1KM/2000/2000203/g10.2000203.1845
2000203	1852	46929	/JOSS/DATA/RAW/SATELLITE/GOES/G10/1KM/2000/2000203/g10.2000203.1852
2000203	1900	72277	/JOSS/DATA/RAW/SATELLITE/GOES/G10/1KM/2000/2000203/g10.2000203.1900
2000203	1915	44856	/JOSS/DATA/RAW/SATELLITE/GOES/G10/1KM/2000/2000203/g10.2000203.1915
2000203	1922	46929	/JOSS/DATA/RAW/SATELLITE/GOES/G10/1KM/2000/2000203/g10.2000203.1922
2000203	1930	72277	/JOSS/DATA/RAW/SATELLITE/GOES/G10/1KM/2000/2000203/g10.2000203.1930
2000203	1945	44856	/JOSS/DATA/RAW/SATELLITE/GOES/G10/1KM/2000/2000203/g10.2000203.1945
2000203	1952	46929	/JOSS/DATA/RAW/SATELLITE/GOES/G10/1KM/2000/2000203/g10.2000203.1952
2000203	2000	72277	/JOSS/DATA/RAW/SATELLITE/GOES/G10/1KM/2000/2000203/g10.2000203.2000
2000203	2015	44856	/JOSS/DATA/RAW/SATELLITE/GOES/G10/1KM/2000/2000203/g10.2000203.2015
2000203	2022	46929	/JOSS/DATA/RAW/SATELLITE/GOES/G10/1KM/2000/2000203/g10.2000203.2022
2000203	2030	72277	/JOSS/DATA/RAW/SATELLITE/GOES/G10/1KM/2000/2000203/g10.2000203.2030
2000203	2045	44856	/JOSS/DATA/RAW/SATELLITE/GOES/G10/1KM/2000/2000203/g10.2000203.2045
2000203	2052	46929	/JOSS/DATA/RAW/SATELLITE/GOES/G10/1KM/2000/2000203/g10.2000203.2052
2000203	2100	225998	/JOSS/DATA/RAW/SATELLITE/GOES/G10/1KM/2000/2000203/g10.2000203.2100
2000203	2130	72277	/JOSS/DATA/RAW/SATELLITE/GOES/G10/1KM/2000/2000203/g10.2000203.2130
2000203	2201	72277	/JOSS/DATA/RAW/SATELLITE/GOES/G10/1KM/2000/2000203/g10.2000203.2201
2000203	2215	44856	/JOSS/DATA/RAW/SATELLITE/GOES/G10/1KM/2000/2000203/g10.2000203.2215
2000203	2222	46929	/JOSS/DATA/RAW/SATELLITE/GOES/G10/1KM/2000/2000203/g10.2000203.2222
2000203	2230	72277	/JOSS/DATA/RAW/SATELLITE/GOES/G10/1KM/2000/2000203/g10.2000203.2230
2000203	2245	44856	/JOSS/DATA/RAW/SATELLITE/GOES/G10/1KM/2000/2000203/g10.2000203.2245
2000203	2252	46929	/JOSS/DATA/RAW/SATELLITE/GOES/G10/1KM/2000/2000203/g10.2000203.2252
2000203	2300	72277	/JOSS/DATA/RAW/SATELLITE/GOES/G10/1KM/2000/2000203/g10.2000203.2300
2000203	2315	44856	/JOSS/DATA/RAW/SATELLITE/GOES/G10/1KM/2000/2000203/g10.2000203.2315
2000203	2322	46929	/JOSS/DATA/RAW/SATELLITE/GOES/G10/1KM/2000/2000203/g10.2000203.2322
2000203	2330	72277	/JOSS/DATA/RAW/SATELLITE/GOES/G10/1KM/2000/2000203/g10.2000203.2330
2000203	2345	44856	/JOSS/DATA/RAW/SATELLITE/GOES/G10/1KM/2000/2000203/g10.2000203.2345
2000203	2352	46929	/JOSS/DATA/RAW/SATELLITE/GOES/G10/1KM/2000/2000203/g10.2000203.2352
