   15098  712958 3925480 
   13338  627891 3467880 
   14400  677542 3744000 
   14467  680782 3761420 
   15349  722618 3990740 
   15364  723100 3994640 
   14999  708180 3899740 
   14995  707218 3898700 
   15585  735340 4052100 
   15759  742441 4097340 
   16111  758498 4188860 
   16074  757192 4179240 
   15828  745297 4115280 
   16012  754810 4163120 
   16025  755433 4166500 
   15841  748000 4118660 
   14376  677952 3737760 
   15524  731803 4036240 
   16034  755325 4168840 
   16082  757276 4181320 
   15110  711571 3928600 
   15708  741427 4084080 
   16135  761819 4195100 
   15859  747647 4123340 
   15822  744909 4113720 
   15755  742591 4096300 
   15556  732919 4044560 
   15962  752511 4150120 
   16076  758304 4179760 
   16012  753891 4163120 
   15988  753786 4156880 
   16121  759741 4191460 
  497365 23440772 129314900 total
