    5 
    0 DATSAV2   :MFV             
    1 AWOSA21   :FDK             
    2 GLERL     :40N             
    3 AWOSA23   :1B1             
    4 GLERL     :OIC             
stn_no parm_no  sigma value
    0     0 44.299248
    0     2 44.653461
    0     3 17.309809
    0     4 25.595881
    0     5 3.336464
    0     6 13056.404297
    1     0 42.233078
    1     2 44.073944
    1     3 13.765033
    1     4 20.790659
    1     5 3.217707
    1     6 12733.730469
    2     0 41.498009
    2     2 44.873341
    2     3 10.108726
    2     4 18.037130
    2     5 3.003073
    2     6 9545.565430
    3     0 55.570839
    3     2 57.343090
    3     3 11.070506
    3     4 17.567904
    3     5 2.074558
    3     6 12178.571289
    4     0 45.004578
    4     3 14.587346
    4     5 1.974803
    4     6 12373.890625
